"SALE.TYPE","SOLD.DATE","PROPERTY.TYPE","ADDRESS","CITY","STATE","ZIP","PRICE","BEDS","BATHS","LOCATION","SQUARE.FEET","LOT.SIZE","YEAR.BUILT","DAYS.ON.MARKET","X..SQUARE.FEET","HOA.MONTH","STATUS","NEXT.OPEN.HOUSE.START.TIME","NEXT.OPEN.HOUSE.END.TIME","URL..SEE.http...www.redfin.com.buy.a.home.comparative.market.analysis.FOR.INFO.ON.PRICING.","SOURCE","MLS.","FAVORITE","INTERESTED","LATITUDE","LONGITUDE","YEAR.DOWNLOADED","X"
"MLS Listing",NA,"Vacant Land","4768 Cupples","St Louis","MO",63113,2000,NA,NA,"North",NA,4617,NA,168,NA,NA,"Active","","","http://www.redfin.com/MO/St-Louis/4768-Cupples-Pl-63113/home/93736314","MARIS","18059204","N","Y",38.665974,-90.252345,2018,1
"MLS Listing",NA,"Single Family Residential","4449 Garfield Ave","St Louis","MO",63113,3500,2,1,"North",1036,3136,1893,52,3,NA,"Active","","","http://www.redfin.com/MO/St-Louis/4449-Garfield-Ave-63113/home/93717749","MARIS","18089696","N","Y",38.6599567,-90.2455219,2018,2
"MLS Listing",NA,"Single Family Residential","4039 Greer Ave","St Louis","MO",63107,3900,5,2,"North",2500,3746,1906,127,2,NA,"Active","","","http://www.redfin.com/MO/St-Louis/4039-Greer-Ave-63107/home/93753943","MARIS","18070398","N","Y",38.6617413,-90.2288444,2018,3
"MLS Listing",NA,"Multi-Family (2-4 Unit)","5380 Wells Ave","St Louis","MO",63112,5000,NA,NA,"Central West",2116,3223,1906,129,2,NA,"Active","","","http://www.redfin.com/MO/St-Louis/5380-Wells-Ave-63112/home/93721554","MARIS","18069904","N","Y",38.6656191,-90.271291,2018,4
"MLS Listing",NA,"Multi-Family (2-4 Unit)","4822 Highland Ave","St Louis","MO",63113,5000,NA,NA,"North",3360,4182,1893,66,1,NA,"Active","","","http://www.redfin.com/MO/St-Louis/4822-Highland-Ave-63113/home/93736711","MARIS","18086746","N","Y",38.6661641,-90.2538447,2018,5
"MLS Listing",NA,"Single Family Residential","4228 E Page","St Louis","MO",63113,7000,3,1,"North",1408,4343,1897,208,5,NA,"Active","","","http://www.redfin.com/MO/St-Louis/4228-E-Page-Blvd-63113/home/62732863","MARIS","18046972","N","Y",38.6517935,-90.2414199,2018,6
"MLS Listing",NA,"Vacant Land","3953 Cottage Ave","St Louis","MO",63113,7500,NA,NA,"North",NA,130200840,NA,34,NA,NA,"Active","","","http://www.redfin.com/MO/St-Louis/3953-Cottage-Ave-63113/home/93716696","MARIS","18092518","N","Y",38.656186,-90.230364,2018,7
"MLS Listing",NA,"Single Family Residential","6944 Idaho Ave","St Louis","MO",63111,9500,2,2,"South City",1242,3267,1917,1,8,NA,"Active","","","http://www.redfin.com/MO/St-Louis/6944-Idaho-Ave-63111/home/93710215","MARIS","19000211","N","Y",38.5553053,-90.2595413,2018,8
"MLS Listing",NA,"Single Family Residential","4569 Newport Ave","St Louis","MO",63116,9900,2,1,"South City",1350,4922,1906,13,7,NA,"Active","","","http://www.redfin.com/MO/St-Louis/4569-Newport-Ave-63116/home/93756020","MARIS","18095714","N","Y",38.5827561,-90.2612524,2018,9
"MLS Listing",NA,"Vacant Land","10458 Big Bend Blvd","Kirkwood","MO",63122,10000,NA,NA,"Kirkwood",NA,479,NA,96,NA,NA,"Active","","","http://www.redfin.com/MO/Kirkwood/10458-Big-Bend-Rd-63122/home/69360011","MARIS","18079096","N","Y",38.567098,-90.401714,2018,10
"MLS Listing",NA,"Single Family Residential","4727 Cupples","St Louis","MO",63113,10000,3,1,"North",1528,2831,1899,209,7,NA,"Active","","","http://www.redfin.com/MO/St-Louis/4727-Cupples-Pl-63113/home/62767820","MARIS","18046462","N","Y",38.66571,-90.2507738,2018,11
"MLS Listing",NA,"Vacant Land","4255 Ashland Ave","St Louis","MO",63115,10000,NA,NA,"North",NA,NA,NA,60,NA,NA,"Active","","","http://www.redfin.com/MO/St-Louis/4255-Ashland-Ave-63115/home/93735084","MARIS","18067070","N","Y",38.6655585,-90.2326434,2018,12
"MLS Listing",NA,"Vacant Land","2709 N Spring Ave","St Louis","MO",63113,10000,NA,NA,"North",NA,6098,NA,161,NA,NA,"Active","","","http://www.redfin.com/MO/St-Louis/2709-N-Spring-Ave-63113/home/93745227","MARIS","18041220","N","Y",38.6553634,-90.2235929,2018,13
"MLS Listing",NA,"Vacant Land","3539 Nebraska","St Louis","MO",63118,10900,NA,NA,"Central East",NA,3049,NA,688,NA,NA,"Active","","","http://www.redfin.com/MO/St-Louis/3539-Nebraska-Ave-63118/home/93694798","MARIS","17009530","N","Y",38.591236,-90.23323,2018,14
"MLS Listing",NA,"Single Family Residential","4749 Nebraska Ave","St Louis","MO",63111,11900,2,1,"South City",1736,3920,1909,35,7,NA,"Active","","","http://www.redfin.com/MO/St-Louis/4749-Nebraska-Ave-63111/home/93707003","MARIS","18092292","N","Y",38.5696491,-90.2376324,2018,15
"MLS Listing",NA,"Multi-Family (2-4 Unit)","1332 Shawmut","St Louis","MO",63112,14586,2,1,"Central West",2474,5532,1909,164,6,NA,"Active","","","http://www.redfin.com/MO/St-Louis/1332-Shawmut-Pl-63112/home/143726263","MARIS","18059365","N","Y",38.66718,-90.281366,2018,16
"MLS Listing",NA,"Vacant Land","410 New York","St Louis","MO",63122,15000,NA,NA,"Kirkwood",NA,5009,NA,132,NA,NA,"Active","","","http://www.redfin.com/MO/Kirkwood/410-New-York-St-63122/home/86870692","MARIS","18069281","N","Y",38.565705,-90.399208,2018,17
"MLS Listing",NA,"Multi-Family (2-4 Unit)","1150 Walton Ave","St Louis","MO",63113,15000,NA,NA,"North",2116,1786,1906,180,7,NA,"Active","","","http://www.redfin.com/MO/St-Louis/1150-Walton-Ave-63113/home/82414484","MARIS","18054690","N","Y",38.6566875,-90.2564574,2018,18
"MLS Listing",NA,"Multi-Family (2-4 Unit)","4225 W Page","St Louis","MO",63113,15000,NA,NA,"North",1984,4704,1895,180,8,NA,"Active","","","http://www.redfin.com/MO/St-Louis/4225-W-Page-Blvd-63113/home/93719011","MARIS","18054687","N","Y",38.6528634,-90.2425386,2018,19
"MLS Listing",NA,"Single Family Residential","4009 Garfield Ave","St Louis","MO",63113,15500,3,1,"North",2544,3136,1891,6,6,NA,"Active","","","http://www.redfin.com/MO/St-Louis/4009-Garfield-Ave-63113/home/93716940","MARIS","18096050","N","Y",38.6543184,-90.232938,2018,20
"MLS Listing",NA,"Vacant Land","230 Lithia Ave","Webster Groves","MO",63119,15900,NA,NA,"Webster Groves",NA,6055,NA,167,NA,NA,"Active","","","http://www.redfin.com/MO/St-Louis/230-Lithia-Ave-63119/home/105520290","MARIS","18059462","N","Y",38.603801,-90.360885,2018,21
"MLS Listing",NA,"Multi-Family (2-4 Unit)","3712 Cote Brilliante Ave","St Louis","MO",63113,15999,5,2,"North",2596,3093,1990,79,6,NA,"Active","","","http://www.redfin.com/MO/St-Louis/3712-Cote-Brilliante-Ave-63113/home/93698286","MARIS","18082178","N","Y",38.65056,-90.227368,2018,22
"MLS Listing",NA,"Single Family Residential","4807 Cote Brilliante Ave","St Louis","MO",63113,16000,3,2,"North",2332,7187,1889,31,7,NA,"Active","","","http://www.redfin.com/MO/St-Louis/4807-Cote-Brilliante-Ave-63113/home/93720807","MARIS","18092868","N","Y",38.6627253,-90.2551801,2018,23
"MLS Listing",NA,"Single Family Residential","4944 Highland Ave","St Louis","MO",63113,17000,3,1,"North",1607,5554,1912,36,11,NA,"Active","","","http://www.redfin.com/MO/St-Louis/4944-Highland-Ave-63113/home/93737509","MARIS","18092102","N","Y",38.6673457,-90.2566316,2018,24
"MLS Listing",NA,"Single Family Residential","3047 Whittier","St Louis","MO",63115,17000,1,1,"North",984,2744,NA,50,17,NA,"Active","","","http://www.redfin.com/MO/St-Louis/3047-Whittier-St-63115/home/62685467","MARIS","18084151","N","Y",38.663233,-90.232093,2018,25
"MLS Listing",NA,"Single Family Residential","5207 Kensington Ave","St Louis","MO",63108,17900,3,1,"Central West",1584,3223,1904,174,11,NA,"Active","","","http://www.redfin.com/MO/St-Louis/5207-Kensington-Ave-63108/home/93745409","MARIS","18056421","N","Y",38.6548228,-90.2706057,2018,26
"MLS Listing",NA,"Single Family Residential","4126 Page","St Louis","MO",63113,17900,3,1,"North",1816,4095,NA,6,10,NA,"Active","","","http://www.redfin.com/MO/St-Louis/4126-Page-Blvd-63113/home/93719234","MARIS","18096224","N","Y",38.6510295,-90.2396395,2018,27
"MLS Listing",NA,"Single Family Residential","6109 Pennsylvania Ave","St Louis","MO",63111,18500,2,1,"South City",886,2744,1890,173,21,NA,"Active","","","http://www.redfin.com/MO/St-Louis/6109-Pennsylvania-Ave-63111/home/62736903","MARIS","18056742","N","Y",38.5587892,-90.2468664,2018,28
"MLS Listing",NA,"Multi-Family (2-4 Unit)","3144 Potomac","St Louis","MO",63118,18500,NA,NA,"Central East",3224,2701,1917,173,6,NA,"Active","","","http://www.redfin.com/MO/St-Louis/3144-Potomac-St-63118/home/62773077","MARIS","18056749","N","Y",38.592686,-90.23668,2018,29
"MLS Listing",NA,"Multi-Family (2-4 Unit)","6032 Bartmer Ave","St Louis","MO",63112,19000,4,2,"Central West",2804,4312,1904,139,7,NA,"Active","","","http://www.redfin.com/MO/St-Louis/6032-Bartmer-Ave-63112/home/93729049","MARIS","18066615","N","Y",38.6634079,-90.29289,2018,30
"MLS Listing",NA,"Single Family Residential","5424 Virginia Ave","St Louis","MO",63111,19900,4,2,"South City",1932,2831,1908,36,10,NA,"Active","","","http://www.redfin.com/MO/St-Louis/5424-Virginia-Ave-63111/home/93708227","MARIS","18092221","N","Y",38.5654013,-90.2457052,2018,31
"MLS Listing",NA,"Single Family Residential","4643 Kennerly","St Louis","MO",63113,19900,2,1,"North",922,NA,1911,175,22,NA,"Active","","","http://www.redfin.com/MO/St-Louis/4643-Kennerly-Ave-63113/home/93718393","MARIS","18056083","N","Y",38.6655281,-90.2485478,2018,32
"MLS Listing",NA,"Vacant Land","2620 Lyle Ave","St Louis","MO",63143,19900,NA,NA,"Maplewood-Rchmnd Hts",NA,3441,NA,181,NA,NA,"Active","","","http://www.redfin.com/MO/Maplewood/2620-Lyle-Ave-63143/home/105204966","MARIS","18054367","N","Y",38.6140574,-90.3214346,2018,33
"MLS Listing",NA,"Single Family Residential","3843 Minnesota Ave","St Louis","MO",63118,20000,4,2,"Central East",2076,6708,1890,65,10,NA,"Active","","","http://www.redfin.com/MO/St-Louis/3843-Minnesota-Ave-63118/home/93696035","MARIS","18087072","N","Y",38.5860673,-90.2365189,2018,34
"MLS Listing",NA,"Single Family Residential","4744 Hammett Pl","St Louis","MO",63113,20000,4,1,"North",1620,4138,1895,142,12,NA,"Active","","","http://www.redfin.com/MO/St-Louis/4744-Hammett-Pl-63113/home/93720841","MARIS","18065682","N","Y",38.6642729,-90.2525155,2018,35
"MLS Listing",NA,"Single Family Residential","4750 Cupples","St Louis","MO",63113,20000,0,NA,"North",1600,4617,1900,168,13,NA,"Active","","","http://www.redfin.com/MO/St-Louis/4750-Cupples-Pl-63113/home/93736317","MARIS","18059152","N","Y",38.6657592,-90.251718,2018,36
"MLS Listing",NA,"Single Family Residential","3702 California Ave","St Louis","MO",63118,20900,2,1,"Central East",943,3136,1896,85,22,NA,"Active","","","http://www.redfin.com/MO/St-Louis/3702-California-Ave-63118/home/93696089","MARIS","18081560","N","Y",38.5882628,-90.2309246,2018,37
"MLS Listing",NA,"Single Family Residential","","St Louis","MO",63113,21900,3,2,"",2200,3528,1885,195,10,NA,"Active","","","http://www.redfin.com/MO/St-Louis/Undisclosed-address-63113/home/146089060","MARIS","18050722","N","Y",38.6605914,-90.2455769,2018,38
"MLS Listing",NA,"Single Family Residential","3168 Pennsylvania Ave","St Louis","MO",63118,21900,1,1,"Central East",672,3659,1890,19,33,NA,"Active","","","http://www.redfin.com/MO/St-Louis/3168-Pennsylvania-Ave-63118/home/93692983","MARIS","18094938","N","Y",38.5988992,-90.2322439,2018,39
"MLS Listing",NA,"Vacant Land","218 Lithia Ave","St Louis","MO",63119,22500,NA,NA,"Webster Groves",NA,6098,NA,1094,NA,NA,"Active","","","http://www.redfin.com/MO/St-Louis/218-Lithia-Ave-63119/home/62774727","MARIS","16000569","N","Y",38.603706,-90.360015,2018,40
"MLS Listing",NA,"Single Family Residential","5146 Cologne Ave","St Louis","MO",63116,23499,1,1,"South City",476,2178,1911,24,49,NA,"Active","","","http://www.redfin.com/MO/St-Louis/5146-Cologne-Ave-63116/home/93761639","MARIS","18094009","N","Y",38.5804385,-90.2734075,2018,41
"MLS Listing",NA,"Single Family Residential","4217 E Finney Ave","St Louis","MO",63113,24500,4,2,"North",2500,NA,1889,206,10,NA,"Active","","","http://www.redfin.com/MO/St-Louis/4217-Finney-Ave-63113/home/93719337","MARIS","18046980","N","Y",38.6506593,-90.2435617,2018,42
"MLS Listing",NA,"Multi-Family (2-4 Unit)","1468 Union Blvd","St Louis","MO",63113,24900,5,2,"North",2436,4443,1898,72,10,NA,"Active","","","http://www.redfin.com/MO/St-Louis/1468-Union-Blvd-63113/home/93721600","MARIS","18084706","N","Y",38.6648628,-90.2681479,2018,43
"MLS Listing",NA,"Multi-Family (2-4 Unit)","4258 E Saint Louis Ave","St Louis","MO",63115,24910,4,2,"North",2850,8320,1907,147,9,NA,"Active","","","http://www.redfin.com/MO/St-Louis/4258-St-Louis-Ave-63115/home/93716796","MARIS","18064537","N","Y",38.6617793,-90.2354782,2018,44
"MLS Listing",NA,"Single Family Residential","4035 California Ave","St Louis","MO",63118,25000,2,2,"Central East",1530,3136,1891,161,16,NA,"Active","","","http://www.redfin.com/MO/St-Louis/4035-California-Ave-63118/home/93705019","MARIS","18047538","N","Y",38.5820781,-90.2326562,2018,45
"MLS Listing",NA,"Single Family Residential","4782 Highland Ave","St Louis","MO",63113,25000,0,NA,"North",768,3572,1925,168,33,NA,"Active","","","http://www.redfin.com/MO/St-Louis/4782-Highland-Ave-63113/home/93736712","MARIS","18057704","N","Y",38.6658343,-90.2529197,2018,46
"MLS Listing",NA,"Single Family Residential","4817 Cupples","St Louis","MO",63113,25000,0,NA,"North",1650,4312,1906,167,15,NA,"Active","","","http://www.redfin.com/MO/St-Louis/4817-Cupples-Pl-63113/home/93736329","MARIS","18059369","N","Y",38.6667392,-90.253038,2018,47
"MLS Listing",NA,"Single Family Residential","4815 Cupples","St Louis","MO",63113,25000,4,NA,"North",1590,4312,1906,168,16,NA,"Active","","","http://www.redfin.com/MO/St-Louis/4815-Cupples-Pl-63113/home/93736330","MARIS","18059218","N","Y",38.6666677,-90.2529372,2018,48
"MLS Listing",NA,"Single Family Residential","6057 Horton Pl","St Louis","MO",63112,25500,5,2,"Central West",1736,240364080,1892,18,15,NA,"Active","","","http://www.redfin.com/MO/St-Louis/6057-Horton-Pl-63112/home/93728960","MARIS","18093989","N","Y",38.663143,-90.293767,2018,49
"For-Sale-by-Owner Listing",NA,"Single Family Residential","3641 Nebraska Ave","St. Louis","MO",63118,27000,4,1,"Saint Louis",1462,4181,1906,112,18,NA,"Active","","","http://www.redfin.com/MO/St-Louis/3641-Nebraska-Ave-63118/home/93696325","Fizber.com","4979190","N","Y",38.5893702,-90.2335135,2018,50
"MLS Listing",NA,"Single Family Residential","3706 Ohio Ave","St Louis","MO",63118,27500,2,2,"Central East",1230,3441,1877,63,22,NA,"Active","","","http://www.redfin.com/MO/St-Louis/3706-Ohio-Ave-63118/home/93696543","MARIS","18087638","N","Y",38.5879126,-90.2286473,2018,51
"MLS Listing",NA,"Single Family Residential","5072 Cates Ave","St Louis","MO",63108,28000,0,NA,"Central West",1900,5314,NA,52,15,NA,"Active","","","http://www.redfin.com/MO/St-Louis/5072-Cates-Ave-63108/home/85688089","MARIS","18089584","N","Y",38.655047,-90.265678,2018,52
"MLS Listing",NA,"Vacant Land","10066 Big Bend Blvd","Crestwood","MO",63122,29000,NA,NA,"Lindbergh",NA,2701,NA,625,NA,NA,"Active","","","http://www.redfin.com/MO/St-Louis/10066-Big-Bend-Rd-63122/home/62778336","MARIS","17031128","N","Y",38.5673806,-90.3930648,2018,53
"MLS Listing",NA,"Vacant Land","36 E Allison Ave","St Louis","MO",63119,29400,NA,NA,"Webster Groves",NA,7013,NA,436,NA,NA,"Active","","","http://www.redfin.com/MO/Webster-Groves/36-E-Allison-Ave-63119/home/101703376","MARIS","17084777","N","Y",38.607311,-90.3547789,2018,54
"For-Sale-by-Owner Listing",NA,"Single Family Residential","3822 Ohio Ave","St. Louis","MO",63118,29900,4,1.5,"Saint Louis",NA,2244,1908,226,NA,NA,"Active","","","http://www.redfin.com/MO/St-Louis/3822-Ohio-Ave-63118/home/93696514","Fizber.com","4963442","N","Y",38.585688,-90.229055,2018,55
"MLS Listing",NA,"Multi-Family (2-4 Unit)","3436 Alberta","St Louis","MO",63118,29900,NA,NA,"Central East",2048,3398,1905,133,15,NA,"Active","","","http://www.redfin.com/MO/St-Louis/3436-Alberta-St-63118/home/93704817","MARIS","18069123","N","Y",38.5851332,-90.2426625,2018,56
"MLS Listing",NA,"Vacant Land","102 Reasnor Ave","Webster Groves","MO",63119,29900,NA,NA,"Webster Groves",NA,6316,NA,226,NA,NA,"Active","","","http://www.redfin.com/MO/Webster-Groves/102-Reasnor-Ave-63119/home/145751509","MARIS","18040551","N","Y",38.607023,-90.357704,2018,57
"MLS Listing",NA,"Single Family Residential","3129 California Ave","St Louis","MO",63118,30000,4,2,"Central East",1560,4487,1863,181,19,NA,"Active","","","http://www.redfin.com/MO/St-Louis/3129-California-Ave-63118/home/93692866","MARIS","18053054","N","Y",38.5991405,-90.2294313,2018,58
"MLS Listing",NA,"Single Family Residential","4774 Cupples","St Louis","MO",63113,30000,0,NA,"North",1768,4617,1902,168,17,NA,"Active","","","http://www.redfin.com/MO/St-Louis/4774-Cupples-Pl-63113/home/93736315","MARIS","18059180","N","Y",38.6660852,-90.2524513,2018,59
"MLS Listing",NA,"Single Family Residential","","St Louis","MO",63112,30000,2,1,"",999,4966,NA,150,30,NA,"Active","","","http://www.redfin.com/MO/St-Louis/Undisclosed-address-63112/home/146490000","MARIS","18056536","N","Y",38.65788,-90.2854839,2018,60
"MLS Listing",NA,"Vacant Land","7108 Ellendale Pl","St Louis","MO",63143,30000,NA,NA,"South City",NA,3790,NA,182,NA,NA,"Active","","","http://www.redfin.com/MO/St-Louis/7108-Ellendale-Pl-63143/home/93743209","MARIS","18054141","N","Y",38.612181,-90.310943,2018,61
"MLS Listing",NA,"Single Family Residential","4133 Obear Ave","St Louis","MO",63107,32000,1,1,"North",1034,3223,1910,29,31,NA,"Active","","","http://www.redfin.com/MO/St-Louis/4133-Obear-Ave-63107/home/93698412","MARIS","18093278","N","Y",38.6664095,-90.2151568,2018,62
"MLS Listing",NA,"Single Family Residential","3907 Walsh","St Louis","MO",63116,32000,1,1,"South City",613,3703,1924,117,52,NA,"Active","","","http://www.redfin.com/MO/St-Louis/3907-Walsh-St-63116/home/93766581","MARIS","18073004","N","Y",38.5753924,-90.2589629,2018,63
"MLS Listing",NA,"Multi-Family (2-4 Unit)","4910 Page","St Louis","MO",63113,34900,5,2,"North",NA,4182,1904,59,NA,NA,"Active","","","http://www.redfin.com/MO/St-Louis/4910-Page-Blvd-63113/home/93720275","MARIS","18088446","N","Y",38.6594263,-90.2597272,2018,64
"MLS Listing",NA,"Vacant Land","830 Minnie Ave","St Louis","MO",63122,34900,NA,NA,"Kirkwood",NA,5009,NA,143,NA,NA,"Active","","","http://www.redfin.com/MO/Kirkwood/830-Minnie-Ave-63122/home/146667862","MARIS","18064935","N","Y",38.569384,-90.4077889,2018,65
"MLS Listing",NA,"Vacant Land","1 E Allison Ave","St Louis","MO",63119,34900,NA,NA,"Webster Groves",NA,18731,NA,140,NA,NA,"Active","","","http://www.redfin.com/MO/Webster-Groves/1-E-Allison-Ave-63119/home/146731180","MARIS","18065677","N","Y",38.608129,-90.35615,2018,66
"MLS Listing",NA,"Vacant Land","5615 Willard Ave","St Louis","MO",63123,35000,NA,NA,"Affton",NA,5009,NA,68,NA,NA,"Active","","","http://www.redfin.com/MO/Affton/5615-Willard-Ave-63123/home/92912358","MARIS","18086618","N","Y",38.562281,-90.312578,2018,67
"MLS Listing",NA,"Single Family Residential","1717 Cora Ave","St Louis","MO",63113,35000,3,1,"North",1832,5358,1895,122,19,NA,"Active","","","http://www.redfin.com/MO/St-Louis/1717-Cora-Ave-63113/home/93766529","MARIS","18070800","N","Y",38.6607642,-90.2510213,2018,68
"MLS Listing",NA,"Single Family Residential","4121 Nebraska Ave","St Louis","MO",63118,36900,2,2,"Central East",1710,6142,1898,56,22,NA,"Active","","","http://www.redfin.com/MO/St-Louis/4121-Nebraska-Ave-63118/home/93705157","MARIS","18089027","N","Y",38.5809597,-90.2352769,2018,69
"MLS Listing",NA,"Single Family Residential","5610 Staely Ave","St Louis","MO",63123,36900,0,NA,"Affton",1000,7492,1947,72,37,NA,"Active","","","http://www.redfin.com/MO/Affton/5610-Staely-Ave-63123/home/93559473","MARIS","18084599","N","Y",38.562648,-90.312759,2018,70
"MLS Listing",NA,"Single Family Residential","3325 Itaska","St Louis","MO",63111,37500,3,1,"South City",1070,2614,1897,108,35,NA,"Active","","","http://www.redfin.com/MO/St-Louis/3325-Itaska-St-63111/home/93707074","MARIS","18072921","N","Y",38.5723447,-90.2446267,2018,71
"MLS Listing",NA,"Single Family Residential","6109 Alabama","St Louis","MO",63111,38000,1,2,"South City",850,NA,1906,91,45,NA,"Active","","","http://www.redfin.com/MO/St-Louis/6109-Alabama-Ave-63111/home/93709183","MARIS","18080468","N","Y",38.5621582,-90.2518738,2018,72
"MLS Listing",NA,"Single Family Residential","3708 Iowa Ave","St Louis","MO",63118,38500,2,1,"Central East",1013,3136,1891,45,38,NA,"Active","","","http://www.redfin.com/MO/St-Louis/3708-Iowa-Ave-63118/home/93696184","MARIS","18090953","N","Y",38.5879929,-90.2298494,2018,73
"MLS Listing",NA,"Multi-Family (2-4 Unit)","4037 Labadie Ave","St Louis","MO",63107,39900,6,2,"North",2548,5401,1914,52,16,NA,"Active","","","http://www.redfin.com/MO/St-Louis/4037-Labadie-Ave-63107/home/93716369","MARIS","18089567","N","Y",38.6608415,-90.2294753,2018,74
"MLS Listing",NA,"Vacant Land","5122 Hilda Ave","St Louis","MO",63123,39900,NA,NA,"Bayless",NA,6534,NA,612,NA,NA,"Active","","","http://www.redfin.com/MO/Affton/5122-Hilda-Ave-63123/home/113846583","MARIS","17035587","N","Y",38.560939,-90.3065079,2018,75
"MLS Listing",NA,"Multi-Family (2-4 Unit)","6438 Idaho Ave","St Louis","MO",63111,39900,NA,NA,"South City",2070,3006,1907,91,19,NA,"Active","","","http://www.redfin.com/MO/St-Louis/6438-Idaho-Ave-63111/home/93709393","MARIS","18080294","N","Y",38.5588687,-90.2554588,2018,76
"MLS Listing",NA,"Single Family Residential","5524 Dewey Ave","St Louis","MO",63116,39900,4,1,"South City",1173,4356,1925,20,34,NA,"Active","","","http://www.redfin.com/MO/St-Louis/5524-Dewey-Ave-63116/home/93761613","MARIS","18094802","N","Y",38.5707463,-90.256855,2018,77
"MLS Listing",NA,"Single Family Residential","7155 Vermont Ave","St Louis","MO",63111,40000,3,2,"South City",1411,6882,1893,6,28,NA,"Active","","","http://www.redfin.com/MO/St-Louis/7155-Vermont-Ave-63111/home/93710402","MARIS","18096244","N","Y",38.5532327,-90.2599343,2018,78
"MLS Listing",NA,"Single Family Residential","6722 Minnesota Ave","St Louis","MO",63111,40000,1,1,"South City",672,2439,1890,20,60,NA,"Active","","","http://www.redfin.com/MO/St-Louis/6722-Minnesota-Ave-63111/home/93710496","MARIS","18094526","N","Y",38.5545878,-90.2529005,2018,79
"MLS Listing",NA,"Single Family Residential","4812 Leduc St","St Louis","MO",63113,40000,4,2,"North",1554,3006,1928,48,26,NA,"Active","","","http://www.redfin.com/MO/St-Louis/4812-Leduc-St-63113/home/93720668","MARIS","18090263","N","Y",38.6636743,-90.2547339,2018,80
"MLS Listing",NA,"Single Family Residential","4225 California Ave","St Louis","MO",63111,40000,3,2,"South City",2036,3267,1924,34,20,NA,"Active","","","http://www.redfin.com/MO/St-Louis/4225-California-Ave-63111/home/93705503","MARIS","18092426","N","Y",38.5787961,-90.2334258,2018,81
"MLS Listing",NA,"Single Family Residential","3929 Lexington Ave","St Louis","MO",63107,40000,0,NA,"North",1682,3572,1908,167,24,NA,"Active","","","http://www.redfin.com/MO/St-Louis/3929-Lexington-Ave-63107/home/93753697","MARIS","18059600","N","Y",38.6629091,-90.2245574,2018,82
"MLS Listing",NA,"Single Family Residential","6570 Odell","St Louis","MO",63139,40000,2,1,"South City",594,3049,1921,60,67,NA,"Active","","","http://www.redfin.com/MO/St-Louis/6570-Odell-St-63139/home/93743978","MARIS","18088186","N","Y",38.6097707,-90.3008128,2018,83
"MLS Listing",NA,"Multi-Family (2-4 Unit)","4209 Iowa Ave","St Louis","MO",63111,41000,6,2,"South City",1932,2352,1896,56,21,NA,"Active","","","http://www.redfin.com/MO/St-Louis/4209-Iowa-Ave-63111/home/93705528","MARIS","18089103","N","Y",38.5790858,-90.2320698,2018,84
"MLS Listing",NA,"Single Family Residential","7125 Vermont Ave","St Louis","MO",63111,43900,2,1,"South City",734,2265,1898,2,60,NA,"Active","","","http://www.redfin.com/MO/St-Louis/7125-Vermont-Ave-63111/home/93710425","MARIS","19000018","N","Y",38.5537586,-90.2591586,2018,85
"MLS Listing",NA,"Single Family Residential","4131 Eichelberger","St Louis","MO",63116,44900,3,1,"South City",NA,7841,NA,476,NA,NA,"Active","","","http://www.redfin.com/MO/St-Louis/4131-Eichelberger-St-63116/home/93757681","MARIS","17073829","N","Y",38.5770276,-90.2648471,2018,86
"MLS Listing",NA,"Multi-Family (2-4 Unit)","411 Fassen","St Louis","MO",63111,44900,1,1,"South City",NA,3093,1914,49,NA,NA,"Active","","","http://www.redfin.com/MO/St-Louis/411-Fassen-St-63111/home/93708238","MARIS","18090103","N","Y",38.5647575,-90.2446695,2018,87
"MLS Listing",NA,"Single Family Residential","4758 Highland Ave","St Louis","MO",63113,45000,2,1,"North",1020,5140,1930,48,44,NA,"Active","","","http://www.redfin.com/MO/St-Louis/4758-Highland-Ave-63113/home/93736700","MARIS","18090685","N","Y",38.6655532,-90.252268,2018,88
"MLS Listing",NA,"Single Family Residential","5146 Cates Ave","St Louis","MO",63108,45000,5,1,"Central West",1680,5793,1897,105,27,NA,"Active","","","http://www.redfin.com/MO/St-Louis/5146-Cates-Ave-63108/home/93744729","MARIS","18075898","N","Y",38.6554739,-90.2683532,2018,89
"For-Sale-by-Owner Listing",NA,"Single Family Residential","16 Lewis Pl","St. Louis","MO",63113,45000,3,1,"Saint Louis",1678,7104,1924,513,27,NA,"Active","","","http://www.redfin.com/MO/St-Louis/16-Lewis-Pl-63113/home/93749632","Fizber.com","4926681","N","Y",38.6540031,-90.2524147,2018,90
"MLS Listing",NA,"Multi-Family (2-4 Unit)","3224 Miami St","St Louis","MO",63118,45000,6,4,"Central East",2852,3676,1909,18,16,NA,"Active","","","http://www.redfin.com/MO/St-Louis/3224-Miami-St-63118/home/93695629","MARIS","18094978","N","Y",38.5910867,-90.2386303,2018,91
"MLS Listing",NA,"Vacant Land","3120 Pennsylvania Ave","St Louis","MO",63118,45000,NA,NA,"Central East",NA,13765,NA,28,NA,NA,"Active","","","http://www.redfin.com/MO/St-Louis/3120-Pennsylvania-Ave-63118/home/148434820","MARIS","18093221","N","Y",38.600284,-90.23186,2018,92
"MLS Listing",NA,"Multi-Family (2-4 Unit)","6111 Pennsylvania Ave","St Louis","MO",63111,45500,NA,NA,"South City",2137,7928,1890,79,21,NA,"Active","","","http://www.redfin.com/MO/St-Louis/6111-Pennsylvania-Ave-63111/home/62771787","MARIS","18083161","N","Y",38.5587129,-90.246915,2018,93
"MLS Listing",NA,"Single Family Residential","2905 Osage St","St Louis","MO",63118,48000,3,2,"Central East",2248,4356,1910,1,21,NA,"Active","","","http://www.redfin.com/MO/St-Louis/2905-Osage-St-63118/home/93704414","MARIS","18095930","N","Y",38.5835707,-90.2347314,2018,94
"MLS Listing",NA,"Single Family Residential","4353 Beck Ave","St Louis","MO",63116,48000,1,1,"South City",880,10498,1893,106,55,NA,"Active","","","http://www.redfin.com/MO/St-Louis/4353-Beck-Ave-63116/home/62739362","MARIS","18056468","N","Y",38.5920622,-90.2650306,2018,95
"MLS Listing",NA,"Multi-Family (2-4 Unit)","5705 Julian Ave","St Louis","MO",63112,48900,2,1,"Central West",2916,3964,1908,87,17,NA,"Active","","","http://www.redfin.com/MO/St-Louis/5705-Julian-Ave-63112/home/93722218","MARIS","18070032","N","Y",38.66487,-90.282567,2018,96
"MLS Listing",NA,"Single Family Residential","4425 Osceola","St Louis","MO",63116,48906,1,1,"All Other Areas",756,4400,1923,23,65,NA,"Active","","","http://www.redfin.com/MO/St-Louis/4425-Osceola-St-63116/home/93771994","MARIS","18094335","N","Y",38.5893432,-90.2684135,2018,97
"MLS Listing",NA,"Single Family Residential","231 Lithia Ave","St Louis","MO",63119,49900,4,1,"Webster Groves",1560,10019,1926,7,32,NA,"Active","","","http://www.redfin.com/MO/St-Louis/231-Lithia-Ave-63119/home/93511991","MARIS","18096089","N","Y",38.6042215,-90.3608424,2018,98
"MLS Listing",NA,"Multi-Family (2-4 Unit)","3219 Delor St","St Louis","MO",63111,50000,6,2,"South City",2294,3441,1925,107,22,NA,"Active","","","http://www.redfin.com/MO/St-Louis/3219-Delor-St-63111/home/93707109","MARIS","18075168","N","Y",38.5699827,-90.2427697,2018,99
"MLS Listing",NA,"Single Family Residential","4409 Alaska Ave","St Louis","MO",63111,50000,2,1,"South City",816,3964,1924,106,61,NA,"Active","","","http://www.redfin.com/MO/St-Louis/4409-Alaska-Ave-63111/home/93706018","MARIS","18075493","N","Y",38.5769203,-90.2433682,2018,100
"MLS Listing",NA,"Single Family Residential","4405 Itaska","St Louis","MO",63116,50000,2,1,"South City",775,3659,1913,150,65,NA,"Active","","","http://www.redfin.com/MO/St-Louis/4405-Itaska-St-63116/home/93764133","MARIS","18063583","N","Y",38.5840908,-90.2694318,2018,101
"MLS Listing",NA,"Single Family Residential","2001 Withnell Ave","St Louis","MO",63118,50000,1,1,"Central East",512,4095,1895,1,98,NA,"Active","","","http://www.redfin.com/MO/St-Louis/2001-Withnell-Ave-63118/home/93693976","MARIS","19000223","N","Y",38.595658,-90.220473,2018,102
"For-Sale-by-Owner Listing",NA,"Single Family Residential","1209 N Euclid Ave","St. Louis","MO",63113,50000,5,1.5,"Saint Louis",2526,5140,1897,364,20,NA,"Active","","","http://www.redfin.com/MO/St-Louis/1209-N-Euclid-Ave-63113/home/93720421","Fizber.com","4945373","N","Y",38.6577464,-90.2597696,2018,103
"MLS Listing",NA,"Multi-Family (2-4 Unit)","3924 Iowa Ave","St Louis","MO",63118,50500,1,1,"Central East",1580,3267,1895,492,32,NA,"Active","","","http://www.redfin.com/MO/St-Louis/3924-Iowa-Ave-63118/home/93704305","MARIS","17069800","N","Y",38.583981,-90.230546,2018,104
"MLS Listing",NA,"Single Family Residential","5141 Dresden Ave","St Louis","MO",63116,52000,2,2,"South City",1148,2919,1910,63,45,NA,"Active","","","http://www.redfin.com/MO/St-Louis/5141-Dresden-Ave-63116/home/93764014","MARIS","18087614","N","Y",38.580736,-90.2748196,2018,105
"MLS Listing",NA,"Single Family Residential","5206 Tennessee Ave","St Louis","MO",63111,52000,2,1,"South City",1000,3877,1913,240,52,NA,"Active","","","http://www.redfin.com/MO/St-Louis/5206-Tennessee-Ave-63111/home/93707914","MARIS","18031582","N","Y",38.5706471,-90.250757,2018,106
"MLS Listing",NA,"Multi-Family (2-4 Unit)","6647 Bartmer Ave","St Louis","MO",63130,52338,4,2,"University City",1640,4269,1920,202,32,NA,"Active","","","http://www.redfin.com/MO/University-City/6647-Bartmer-Ave-63130/home/93456083","MARIS","18048844","N","Y",38.6651077,-90.3066577,2018,107
"For-Sale-by-Owner Listing",NA,"Single Family Residential","2913 Nebraska Ave","St. Louis","MO",63118,53000,1,1,"Saint Louis",760,3190,1959,16,70,NA,"Active","","","http://www.redfin.com/MO/St-Louis/2913-Nebraska-Ave-63118/home/93699196","Fizber.com","4992743","N","Y",38.6024992,-90.2308238,2018,108
"MLS Listing",NA,"Single Family Residential","1121 Graham","St Louis","MO",63139,53900,2,1,"South City",441,4922,1898,154,122,NA,"Active","","","http://www.redfin.com/MO/St-Louis/1121-Graham-St-63139/home/93707572","MARIS","18062744","N","Y",38.6292193,-90.2914386,2018,109
"MLS Listing",NA,"Vacant Land","829 Holland Ave","St Louis","MO",63119,54900,NA,NA,"Webster Groves",NA,6970,NA,101,NA,NA,"Active","","","http://www.redfin.com/MO/Webster-Groves/829-Holland-Ave-63119/home/147245152","MARIS","18076559","N","Y",38.605174,-90.353932,2018,110
"MLS Listing",NA,"Single Family Residential","2843 Miami","St Louis","MO",63118,55000,3,2,"Central East",1900,2178,1915,10,29,NA,"Active","","","http://www.redfin.com/MO/St-Louis/2843-Miami-St-63118/home/93694877","MARIS","18095915","N","Y",38.590679,-90.2323905,2018,111
"MLS Listing",NA,"Multi-Family (2-4 Unit)","3302 Winnebago","St Louis","MO",63118,55000,4,2,"Central East",2060,NA,1909,281,27,NA,"Active","","","http://www.redfin.com/MO/St-Louis/3302-Winnebago-St-63118/home/93695682","MARIS","18022792","N","Y",38.589263,-90.239429,2018,112
"MLS Listing",NA,"Single Family Residential","4243 California Ave","St Louis","MO",63111,55000,2,2,"South City",1075,3572,1924,106,51,NA,"Active","","","http://www.redfin.com/MO/St-Louis/4243-California-Ave-63111/home/62714915","MARIS","18075540","N","Y",38.5783347,-90.2334533,2018,113
"MLS Listing",NA,"Single Family Residential","4446 Ellenwood Ave","St Louis","MO",63116,55000,2,1,"South City",1144,3877,1924,71,48,NA,"Active","","","http://www.redfin.com/MO/St-Louis/4446-Ellenwood-Ave-63116/home/93763628","MARIS","18084737","N","Y",38.5865905,-90.270098,2018,114
"MLS Listing",NA,"Single Family Residential","4734 Adkins Ave","St Louis","MO",63116,55586,2,1,"South City",NA,3485,1939,485,NA,NA,"Active","","","http://www.redfin.com/MO/St-Louis/4734-Adkins-Ave-63116/home/93761284","MARIS","17071154","N","Y",38.5804133,-90.2637464,2018,115
"MLS Listing",NA,"Single Family Residential","5225 Tennessee Ave","St Louis","MO",63111,57000,2,1,"South City",891,4879,1923,139,64,NA,"Active","","","http://www.redfin.com/MO/St-Louis/5225-Tennessee-Ave-63111/home/93707926","MARIS","18066584","N","Y",38.5703927,-90.2515347,2018,116
"MLS Listing",NA,"Single Family Residential","6715 Clayton Ave","St Louis","MO",63139,58900,2,1,"Central East",1452,5227,1909,5,41,NA,"Active","","","http://www.redfin.com/MO/St-Louis/6715-Clayton-Ave-63139/home/93740184","MARIS","18096403","N","Y",38.6313237,-90.301829,2018,117
"MLS Listing",NA,"Multi-Family (2-4 Unit)","3827 Ashland Ave","St Louis","MO",63107,59000,4,2,"North",2448,3877,1911,38,24,NA,"Active","","","http://www.redfin.com/MO/St-Louis/3827-Ashland-Ave-63107/home/93754003","MARIS","18091774","N","Y",38.6612084,-90.2225979,2018,118
"MLS Listing",NA,"Single Family Residential","4075 Schiller","St Louis","MO",63116,59900,1,1,"South City",742,3354,1910,288,81,NA,"Active","","","http://www.redfin.com/MO/St-Louis/4075-Schiller-Pl-63116/home/62726345","MARIS","18021349","N","Y",38.5761986,-90.2642507,2018,119
"MLS Listing",NA,"Single Family Residential","4343 Hunt Ave","St Louis","MO",63110,59900,1,1,"South City",742,3136,1890,24,81,NA,"Active","","","http://www.redfin.com/MO/St-Louis/4343-Hunt-Ave-63110/home/93726066","MARIS","18093688","N","Y",38.6233872,-90.257695,2018,120
"MLS Listing",NA,"Vacant Land","637 S Elliott Ave","St Louis","MO",63122,59900,NA,NA,"Kirkwood",NA,7449,NA,118,NA,NA,"Active","","","http://www.redfin.com/MO/Kirkwood/637-S-Elliott-Ave-63122/home/93544417","MARIS","18070856","N","Y",38.57154,-90.3999108,2018,121
"MLS Listing",NA,"Multi-Family (2-4 Unit)","3630 Phillips Pl","St Louis","MO",63116,59900,2,1,"South City",2256,NA,1925,509,27,NA,"Active","","","http://www.redfin.com/MO/St-Louis/3630-Phillips-Pl-63116/home/93695551","MARIS","17064757","N","Y",38.58916,-90.245479,2018,122
"MLS Listing",NA,"Single Family Residential","5015 Alaska Ave","St Louis","MO",63111,59900,2,1,"South City",1163,4269,1901,99,52,NA,"Active","","","http://www.redfin.com/MO/St-Louis/5015-Alaska-Ave-63111/home/62755871","MARIS","18076986","N","Y",38.5710153,-90.2480515,2018,123
"MLS Listing",NA,"Single Family Residential","4651 Varrelmann Ave","St Louis","MO",63116,60000,3,2,"South City",3708,3703,1904,261,16,NA,"Active","","","http://www.redfin.com/MO/St-Louis/4651-Varrelmann-Ave-63116/home/93757086","MARIS","18029588","N","Y",38.5822478,-90.2639573,2018,124
"MLS Listing",NA,"Single Family Residential","4711 Lewis Pl","St Louis","MO",63113,60000,2,1,"North",1128,7057,1923,323,53,NA,"Active","","","http://www.redfin.com/MO/St-Louis/4711-Lewis-Pl-63113/home/93739453","MARIS","18009670","N","Y",38.6551846,-90.2553481,2018,125
"MLS Listing",NA,"Multi-Family (2-4 Unit)","3205 Potomac","St Louis","MO",63118,60060,2,2,"Central East",2298,3398,1912,219,26,NA,"Active","","","http://www.redfin.com/MO/St-Louis/3205-Potomac-St-63118/home/62771766","MARIS","18042411","N","Y",38.593139,-90.237447,2018,126
"MLS Listing",NA,"Single Family Residential","4614 Varrelmann Ave","St Louis","MO",63116,62000,3,1,"South City",3242,3223,1906,261,19,NA,"Active","","","http://www.redfin.com/MO/St-Louis/4614-Varrelmann-Ave-63116/home/93757033","MARIS","18029566","N","Y",38.5828035,-90.2628505,2018,127
"MLS Listing",NA,"Multi-Family (2-4 Unit)","3311 Eads Ave","St Louis","MO",63104,64200,4,2,"Central East",2378,3398,1893,52,27,NA,"Active","","","http://www.redfin.com/MO/St-Louis/3311-Eads-Ave-63104/home/93689482","MARIS","18089712","N","Y",38.6183967,-90.233719,2018,128
"MLS Listing",NA,"Single Family Residential","2819 Miami","St Louis","MO",63118,64500,4,2,"Central East",1874,3223,1904,137,34,NA,"Active","","","http://www.redfin.com/MO/St-Louis/2819-Miami-St-63118/home/93694368","MARIS","18066944","N","Y",38.5905577,-90.2314443,2018,129
"MLS Listing",NA,"Single Family Residential","6107 Pennsylvania Ave","St Louis","MO",63111,64500,1,1,"South City",752,2962,1890,197,86,NA,"Active","","","http://www.redfin.com/MO/St-Louis/6107-Pennsylvania-Ave-63111/home/93709110","MARIS","18049940","N","Y",38.5588259,-90.2468325,2018,130
"MLS Listing",NA,"Single Family Residential","3545 Iowa Ave","St Louis","MO",63118,64900,3,1,"Central East",1121,4966,1931,123,58,NA,"Active","","","http://www.redfin.com/MO/St-Louis/3545-Iowa-Ave-63118/home/93694703","MARIS","18071473","N","Y",38.5906044,-90.229779,2018,131
"MLS Listing",NA,"Single Family Residential","4728 S Compton Ave","St Louis","MO",63111,64900,2,1,"South City",829,3180,1959,57,78,NA,"Active","","","http://www.redfin.com/MO/St-Louis/4728-S-Compton-Ave-63111/home/93706985","MARIS","18087250","N","Y",38.5705673,-90.2416452,2018,132
"MLS Listing",NA,"Single Family Residential","4336 Beck Ave","St Louis","MO",63116,64900,3,1,"South City",1600,5314,1891,80,41,NA,"Active","","","http://www.redfin.com/MO/St-Louis/4336-Beck-Ave-63116/home/93729692","MARIS","18082304","N","Y",38.5917283,-90.2645166,2018,133
"MLS Listing",NA,"Single Family Residential","3148 Winnebago","St Louis","MO",63118,64900,3,2,"Central East",1996,3223,1911,120,33,NA,"Active","","","http://www.redfin.com/MO/St-Louis/3148-Winnebago-St-63118/home/93695761","MARIS","18072107","N","Y",38.5891589,-90.2377268,2018,134
"MLS Listing",NA,"Single Family Residential","4473 Delmar Blvd","St Louis","MO",63108,64900,3,2,"Central West",3024,4748,1901,154,21,NA,"Active","","","http://www.redfin.com/MO/St-Louis/4473-Delmar-Blvd-63108/home/62691412","MARIS","18062974","N","Y",38.650193,-90.2527447,2018,135
"MLS Listing",NA,"Single Family Residential","6301 Famous Ave","St Louis","MO",63139,64900,4,2,"South City",1677,7841,1889,36,39,NA,"Active","","","http://www.redfin.com/MO/St-Louis/6301-Famous-Ave-63139/home/93741545","MARIS","18092142","N","Y",38.6188008,-90.293186,2018,136
"MLS Listing",NA,"Multi-Family (2-4 Unit)","301 Dover","St Louis","MO",63111,65000,3,2,"South City",NA,3223,1913,92,NA,NA,"Active","","","http://www.redfin.com/MO/St-Louis/301-Dover-Pl-63111/home/147387607","MARIS","18079989","N","Y",38.563002,-90.2482859,2018,137
"MLS Listing",NA,"Single Family Residential","2812 Nebraska Ave","St Louis","MO",63118,65000,3,2,"Central East",1716,958,1885,135,38,NA,"Active","","","http://www.redfin.com/MO/St-Louis/2812-Nebraska-Ave-63118/home/93691851","MARIS","18067074","N","Y",38.6039764,-90.2300543,2018,138
"MLS Listing",NA,"Single Family Residential","7149 Alabama Ave","St Louis","MO",63111,67000,2,1,"South City",759,3093,1962,245,88,NA,"Active","","","http://www.redfin.com/MO/St-Louis/7149-Alabama-Ave-63111/home/93710327","MARIS","18034644","N","Y",38.553812,-90.260651,2018,139
"MLS Listing",NA,"Single Family Residential","4245 Meramec St","St Louis","MO",63116,67500,3,1,"South City",1440,4530,1902,173,47,NA,"Active","","","http://www.redfin.com/MO/St-Louis/4245-Meramec-St-63116/home/62719387","MARIS","18056743","N","Y",38.5910726,-90.2622741,2018,140
"MLS Listing",NA,"Single Family Residential","3111 Rutger","St Louis","MO",63104,67500,4,4,"Central East",1340,2265,1902,173,50,NA,"Active","","","http://www.redfin.com/MO/St-Louis/3111-Rutger-St-63104/home/93689810","MARIS","18056746","N","Y",38.6219302,-90.2291015,2018,141
"MLS Listing",NA,"Single Family Residential","3645 Garfield Ave","St Louis","MO",63113,67900,3,2,"North",1425,NA,1997,86,48,NA,"Active","","","http://www.redfin.com/MO/St-Louis/3645-Garfield-Ave-63113/home/93677949","MARIS","18081522","N","Y",38.6513539,-90.225767,2018,142
"MLS Listing",NA,"Single Family Residential","3889 Walsh St","St Louis","MO",63116,68000,2,1,"South City",690,2875,1921,6,99,NA,"Active","","","http://www.redfin.com/MO/St-Louis/3889-Walsh-St-63116/home/93766579","MARIS","18096124","N","Y",38.5753496,-90.2587861,2018,143
"MLS Listing",NA,"Multi-Family (2-4 Unit)","3638 Meramec","St Louis","MO",63116,69000,5,2,"South City",2570,3790,1914,101,27,NA,"Active","","","http://www.redfin.com/MO/St-Louis/3638-Meramec-St-63116/home/93705300","MARIS","18076465","N","Y",38.5812727,-90.2455952,2018,144
"MLS Listing",NA,"Single Family Residential","4351 Tholozan Ave","St Louis","MO",63116,69500,2,1,"South City",621,3572,1951,82,112,NA,"Active","","","http://www.redfin.com/MO/St-Louis/4351-Tholozan-Ave-63116/home/93730107","MARIS","18082326","N","Y",38.5934116,-90.264653,2018,145
"MLS Listing",NA,"Multi-Family (2-4 Unit)","3657 Gasconade","St Louis","MO",63116,69900,2,2,"South City",1866,4269,1925,24,37,NA,"Active","","","http://www.redfin.com/MO/St-Louis/3657-Gasconade-St-63116/home/93704513","MARIS","18093929","N","Y",38.5828778,-90.2466538,2018,146
"MLS Listing",NA,"Single Family Residential","6624 Bartmer Ave","University City","MO",63130,69900,2,1,"University City",1125,5663,1915,185,62,NA,"Active","","","http://www.redfin.com/MO/University-City/6624-Bartmer-Ave-63130/home/93456006","MARIS","18053173","N","Y",38.6645722,-90.3051226,2018,147
"MLS Listing",NA,"Single Family Residential","4832 Oleatha Ave","St Louis","MO",63116,69900,2,1,"South City",792,4487,1927,87,88,NA,"Active","","","http://www.redfin.com/MO/St-Louis/4832-Oleatha-Ave-63116/home/93756195","MARIS","18074731","N","Y",38.5954294,-90.2699798,2018,148
"MLS Listing",NA,"Single Family Residential","4931 Wise Ave","St Louis","MO",63110,69900,3,1,"South City",1550,4269,1923,70,45,NA,"Active","","","http://www.redfin.com/MO/St-Louis/4931-Wise-Ave-63110/home/93765475","MARIS","18086060","N","Y",38.626616,-90.2661777,2018,149
"MLS Listing",NA,"Single Family Residential","5024 Lotus Ave","St Louis","MO",63113,69900,3,1,"North",1550,3877,1910,125,45,NA,"Active","","","http://www.redfin.com/MO/St-Louis/5024-Lotus-Ave-63113/home/93738144","MARIS","18071225","N","Y",38.6665499,-90.2603047,2018,150
"For-Sale-by-Owner Listing",NA,"Single Family Residential","7327 Vermont Ave","St. Louis","MO",63111,69999,2,1,"Saint Louis",1079,4825,1892,379,65,NA,"Active","","","http://www.redfin.com/MO/St-Louis/7327-Vermont-Ave-63111/home/93710905","Fizber.com","4944279","N","Y",38.5525248,-90.2608221,2018,151
"MLS Listing",NA,"Single Family Residential","5811 Gravois","St Louis","MO",63116,70000,3,2,"South City",1554,4992,1915,137,45,NA,"Active","","","http://www.redfin.com/MO/St-Louis/5811-Gravois-Ave-63116/home/93758029","MARIS","18066947","N","Y",38.5776018,-90.2749033,2018,152
"MLS Listing",NA,"Multi-Family (2-4 Unit)","4656 Varrelmann Ave","St Louis","MO",63116,70000,2,2,"South City",1334,3398,1906,902,52,NA,"Active","","","http://www.redfin.com/MO/St-Louis/4656-Varrelmann-Ave-63116/home/93757093","MARIS","16047036","N","Y",38.5818934,-90.2636466,2018,153
"MLS Listing",NA,"Single Family Residential","5218 Raymond Ave","St Louis","MO",63113,70000,7,2,"North",2468,6447,1905,296,28,NA,"Active","","","http://www.redfin.com/MO/St-Louis/5218-Raymond-Ave-63113/home/93752342","MARIS","18018621","N","Y",38.6576491,-90.2705323,2018,154
"MLS Listing",NA,"Single Family Residential","3407 Montana","St Louis","MO",63118,70000,2,1,"Central East",1275,3354,1909,93,55,NA,"Active","","","http://www.redfin.com/MO/St-Louis/3407-Montana-St-63118/home/93704570","MARIS","18076672","N","Y",38.5836589,-90.2417827,2018,155
"MLS Listing",NA,"Multi-Family (2-4 Unit)","5405 Alabama Ave","St Louis","MO",63111,70000,2,1,"South City",2212,3528,1912,57,32,NA,"Active","","","http://www.redfin.com/MO/St-Louis/5405-Alabama-Ave-63111/home/93708335","MARIS","18088750","N","Y",38.5676525,-90.2479049,2018,156
"MLS Listing",NA,"Single Family Residential","4650 Michigan Ave","St Louis","MO",63111,71900,4,2,"South City",1575,3267,1923,76,46,NA,"Active","","","http://www.redfin.com/MO/St-Louis/4650-Michigan-Ave-63111/home/93706780","MARIS","18084028","N","Y",38.5716057,-90.2402431,2018,157
"MLS Listing",NA,"Single Family Residential","2811 Keokuk St","St Louis","MO",63118,72500,4,3,"Central East",2244,3049,1910,96,32,NA,"Active","","","http://www.redfin.com/MO/St-Louis/2811-Keokuk-St-63118/home/93696067","MARIS","18079094","N","Y",38.5851816,-90.2323427,2018,158
"MLS Listing",NA,"Single Family Residential","4728 Newport Ave","St Louis","MO",63116,74000,1,1,"South City",754,3441,1914,36,98,NA,"Active","","","http://www.redfin.com/MO/St-Louis/4728-Newport-Ave-63116/home/93768323","MARIS","18092110","N","Y",38.5801224,-90.2628514,2018,159
"MLS Listing",NA,"Single Family Residential","2630 Oregon Ave","St Louis","MO",63118,74000,2,1,"Central East",879,3136,1904,301,84,NA,"Active","","","http://www.redfin.com/MO/St-Louis/2630-Oregon-Ave-63118/home/93699426","MARIS","18017150","N","Y",38.605552,-90.2284279,2018,160
"MLS Listing",NA,"Condo/Co-op","4355 Maryland Ave #433","St Louis","MO",63108,74900,1,1,"Central West",NA,NA,NA,521,NA,225,"Active","","","http://www.redfin.com/MO/St-Louis/4355-Maryland-Ave-63108/unit-433/home/93725715","MARIS","17061118","N","Y",38.6429188,-90.2520925,2018,161
"MLS Listing",NA,"Single Family Residential","2318 S Compton Ave","St Louis","MO",63104,74900,2,NA,"Central East",864,5663,1957,22,87,NA,"Active","","","http://www.redfin.com/MO/St-Louis/2318-S-Compton-Ave-63104/home/93691864","MARIS","18094499","N","Y",38.6083959,-90.2338656,2018,162
"MLS Listing",NA,"Single Family Residential","5591 Chamberlain Ave","St Louis","MO",63112,75000,5,3,"Central West",2180,8120,1902,284,34,NA,"Active","","","http://www.redfin.com/MO/St-Louis/5591-Chamberlain-Ave-63112/home/84234876","MARIS","18022498","N","Y",38.6616362,-90.2805162,2018,163
"MLS Listing",NA,"Single Family Residential","4131 Miami","St Louis","MO",63116,75000,1,1,"South City",832,4748,1927,28,90,NA,"Active","","","http://www.redfin.com/MO/St-Louis/4131-Miami-St-63116/home/93728708","MARIS","18093490","N","Y",38.593588,-90.2578784,2018,164
"MLS Listing",NA,"Multi-Family (2-4 Unit)","7132 Idaho Ave","St Louis","MO",63111,75000,1,1,"South City",NA,2875,1958,27,NA,NA,"Active","","","http://www.redfin.com/MO/St-Louis/7132-Idaho-Ave-63111/home/93710277","MARIS","18093644","N","Y",38.5542425,-90.2607997,2018,165
"MLS Listing",NA,"Single Family Residential","930 Wild Cherry Ln","St Louis","MO",63130,75000,2,1,"University City",1026,9017,1951,71,73,NA,"Active","","","http://www.redfin.com/MO/University-City/930-Wild-Cherry-Ln-63130/home/93460291","MARIS","18084939","N","Y",38.6652383,-90.3370052,2018,166
"MLS Listing",NA,"Single Family Residential","52 Lewis Pl","St Louis","MO",63113,75000,3,2,"North",4286,4286,1920,149,17,8,"Active","","","http://www.redfin.com/MO/St-Louis/52-Lewis-Pl-63113/home/93749643","MARIS","18064080","N","Y",38.6545515,-90.2545597,2018,167
"MLS Listing",NA,"Single Family Residential","1417 Glasgow Ave","St Louis","MO",63106,75000,5,4,"North",1932,3284,1886,24,39,NA,"Active","","","http://www.redfin.com/MO/St-Louis/1417-Glasgow-Ave-63106/home/62744759","MARIS","18093634","N","Y",38.6452747,-90.217862,2018,168
"MLS Listing",NA,"Multi-Family (2-4 Unit)","7128 Idaho Ave","St Louis","MO",63111,75000,1,1,"South City",NA,2657,1958,27,NA,NA,"Active","","","http://www.redfin.com/MO/St-Louis/7128-Idaho-Ave-63111/home/93710275","MARIS","18093638","N","Y",38.5543509,-90.260636,2018,169
"MLS Listing",NA,"Multi-Family (2-4 Unit)","7130 Idaho Ave","St Louis","MO",63111,75000,1,1,"South City",NA,3006,1958,27,NA,NA,"Active","","","http://www.redfin.com/MO/St-Louis/7130-Idaho-Ave-63111/home/93710276","MARIS","18093643","N","Y",38.5543,-90.260695,2018,170
"MLS Listing",NA,"Single Family Residential","2746 Geyer Ave","St Louis","MO",63104,75000,4,5,"Central East",2658,5227,1884,47,28,NA,"Active","","","http://www.redfin.com/MO/St-Louis/2746-Geyer-Ave-63104/home/93690249","MARIS","18090748","N","Y",38.6132903,-90.2254399,2018,171
"MLS Listing",NA,"Single Family Residential","3426 Alberta","St Louis","MO",63118,77805,3,2,"Central East",2100,2831,1910,161,37,NA,"Active","","","http://www.redfin.com/MO/St-Louis/3426-Alberta-St-63118/home/62718179","MARIS","18060950","N","Y",38.5850931,-90.2422226,2018,172
"MLS Listing",NA,"Multi-Family (2-4 Unit)","4422 S Grand Blvd","St Louis","MO",63111,79000,4,2,"South City",2424,4182,1907,347,33,NA,"Active","","","http://www.redfin.com/MO/St-Louis/4422-S-Grand-Blvd-63111/home/93706447","MARIS","18003970","N","Y",38.5778679,-90.2461818,2018,173
"For-Sale-by-Owner Listing",NA,"Single Family Residential","4805 Hershey Dr","St. Louis","MO",63123,79000,2,1,"Affton",852,832,1941,6,93,NA,"Active","","","http://www.redfin.com/MO/St-Louis/4805-Hershey-Dr-63123/home/93570468","Fizber.com","4993790","N","Y",38.5514737,-90.307307,2018,174
"MLS Listing",NA,"Multi-Family (2-4 Unit)","","St Louis","MO",63111,79900,4,2,"",2294,3655,1924,134,35,NA,"Active","","","http://www.redfin.com/MO/St-Louis/Undisclosed-address-63111/home/147466203","MARIS","18067675","N","Y",38.5635304,-90.2479232,2018,175
"MLS Listing",NA,"Condo/Co-op","938 Marshall Ave Unit D","St Louis","MO",63119,79900,2,1,"Webster Groves",786,1873,1965,62,102,230,"Active","","","http://www.redfin.com/MO/Webster-Groves/938-Marshall-Ave-63119/unit-D/home/93508023","MARIS","18087900","N","Y",38.6027938,-90.3323664,2018,176
"MLS Listing",NA,"Single Family Residential","4507 Alaska Ave","St Louis","MO",63111,80000,3,1,"South City",1029,4356,1900,79,78,NA,"Active","","","http://www.redfin.com/MO/St-Louis/4507-Alaska-Ave-63111/home/93706354","MARIS","18082974","N","Y",38.5759863,-90.2438722,2018,177
"MLS Listing",NA,"Single Family Residential","6624 Etzel Ave","University City","MO",63130,80000,2,1,"University City",851,4487,1915,24,94,NA,"Active","","","http://www.redfin.com/MO/University-City/6624-Etzel-Ave-63130/home/93456440","MARIS","18093906","N","Y",38.6666752,-90.3056802,2018,178
"MLS Listing",NA,"Condo/Co-op","5866 Sunshine #108","St Louis","MO",63109,80000,2,1,"South City",788,NA,1948,89,102,165,"Active","","","http://www.redfin.com/MO/St-Louis/5866-Sunshine-Dr-63109/unit-108/home/93786757","MARIS","18080028","N","Y",38.5711464,-90.2964626,2018,179
"MLS Listing",NA,"Multi-Family (2-4 Unit)","3455 Dunnica Ave","St Louis","MO",63118,80000,2,2,"Central East",2054,3267,1910,79,39,NA,"Active","","","http://www.redfin.com/MO/St-Louis/3455-Dunnica-Ave-63118/home/93695295","MARIS","18082675","N","Y",38.5873881,-90.2427671,2018,180
"MLS Listing",NA,"Multi-Family (2-4 Unit)","6714 Crest Ave","St Louis","MO",63130,81600,4,2,"University City",2268,NA,1920,63,36,NA,"Active","","","http://www.redfin.com/MO/University-City/6714-Crest-Ave-63130/home/93458115","MARIS","18087598","N","Y",38.66579,-90.307564,2018,181
"MLS Listing",NA,"Single Family Residential","3451 Oregon Ave","St Louis","MO",63118,82000,4,2,"Central East",2580,3311,1895,141,32,NA,"Active","","","http://www.redfin.com/MO/St-Louis/3451-Oregon-Ave-63118/home/93694775","MARIS","18065482","N","Y",38.5925641,-90.2316999,2018,182
"MLS Listing",NA,"Condo/Co-op","7905 Camelot #3","St Louis","MO",63123,82500,2,2,"Lindbergh",792,2352,1964,81,104,182,"Active","","","http://www.redfin.com/MO/St-Louis/7905-Camelot-Ln-63123/unit-3/home/93560279","MARIS","18082401","N","Y",38.5578585,-90.3589669,2018,183
"MLS Listing",NA,"Condo/Co-op","5696 Kingsbury Ave #201","St Louis","MO",63112,84900,1,1,"Central West",540,NA,1946,84,157,226,"Active","","","http://www.redfin.com/MO/St-Louis/5696-Kingsbury-Ave-63112/unit-201/home/93680427","MARIS","18082059","N","Y",38.650511,-90.284493,2018,184
"MLS Listing",NA,"Multi-Family (2-4 Unit)","3937 Chippewa","St Louis","MO",63116,85000,3,2,"South City",2058,3398,1929,65,41,NA,"Active","","","http://www.redfin.com/MO/St-Louis/3937-Chippewa-St-63116/home/73705200","MARIS","18087149","N","Y",38.589588,-90.25318,2018,185
"MLS Listing",NA,"Condo/Co-op","5636 Waterman Blvd #34","St Louis","MO",63112,85000,1,1,"Central West",570,NA,1916,184,149,212,"Active","","","http://www.redfin.com/MO/St-Louis/5636-Waterman-Blvd-63112/unit-34/home/146165408","MARIS","18052385","N","Y",38.649346,-90.283283,2018,186
"MLS Listing",NA,"Vacant Land","7599 Amherst Ave","St Louis","MO",63130,85000,NA,NA,"University City",NA,18025,NA,490,NA,NA,"Active","","","http://www.redfin.com/MO/University-City/7599-Amherst-Ave-63130/home/113437452","MARIS","17069327","N","Y",38.663134,-90.336624,2018,187
"MLS Listing",NA,"Single Family Residential","6715 Plateau Ave","St Louis","MO",63139,85500,2,1,"South City",672,5184,1949,64,127,NA,"Active","","","http://www.redfin.com/MO/St-Louis/6715-Plateau-Ave-63139/home/93773054","MARIS","18086580","N","Y",38.6235275,-90.3020198,2018,188
"MLS Listing",NA,"Single Family Residential","7741 Lindbergh Dr","St Louis","MO",63143,86400,3,1,"Maplewood-Rchmnd Hts",1015,NA,1948,65,85,NA,"Active","","","http://www.redfin.com/MO/Maplewood/7741-Lindbergh-Dr-63143/home/93485865","MARIS","18087088","N","Y",38.6210378,-90.3271111,2018,189
"MLS Listing",NA,"Single Family Residential","226 New York","St Louis","MO",63122,87500,2,1,"Kirkwood",912,5009,1915,67,96,NA,"Active","","","http://www.redfin.com/MO/Kirkwood/226-New-York-St-63122/home/93563971","MARIS","18086442","N","Y",38.5657629,-90.403161,2018,190
"MLS Listing",NA,"Multi-Family (2-4 Unit)","6915 Alabama Ave","St Louis","MO",63111,87500,2,1,"South City",2496,3964,1928,497,35,NA,"Active","","","http://www.redfin.com/MO/St-Louis/6915-Alabama-Ave-63111/home/93710200","MARIS","17068669","N","Y",38.5556936,-90.2584285,2018,191
"MLS Listing",NA,"Single Family Residential","4223 Osceola St","St Louis","MO",63116,89000,2,1,"South City",760,4138,1924,51,117,NA,"Active","","","http://www.redfin.com/MO/St-Louis/4223-Osceola-St-63116/home/93726625","MARIS","18089830","N","Y",38.5880812,-90.263348,2018,192
"MLS Listing",NA,"Condo/Co-op","3537 Giles Ave Unit A","St Louis","MO",63116,89900,2,1,"South City",848,NA,1911,146,106,100,"Active","","","http://www.redfin.com/MO/St-Louis/3537-Giles-Ave-63116/unit-A/home/146889721","MARIS","18064811","N","Y",38.592995,-90.24672,2018,193
"MLS Listing",NA,"Single Family Residential","3630 Neosho","St Louis","MO",63116,89900,3,1,"South City",1158,4095,1920,1,78,NA,"Active","","","http://www.redfin.com/MO/St-Louis/3630-Neosho-St-63116/home/93778034","MARIS","19000142","N","Y",38.5762531,-90.249386,2018,194
"MLS Listing",NA,"Single Family Residential","3403 Utah","St Louis","MO",63118,89900,4,2,"Central East",2090,3485,1909,8,43,NA,"Active","","","http://www.redfin.com/MO/St-Louis/3403-Utah-St-63118/home/93693355","MARIS","18095997","N","Y",38.5970265,-90.2389777,2018,195
"MLS Listing",NA,"Single Family Residential","5118 Cologne Ave","St Louis","MO",63116,89900,2,1,"South City",720,3485,1911,66,125,NA,"Active","","","http://www.redfin.com/MO/St-Louis/5118-Cologne-Ave-63116/home/93761646","MARIS","18086534","N","Y",38.5811858,-90.2734162,2018,196
"MLS Listing",NA,"Single Family Residential","3818 Folsom Ave","St Louis","MO",63110,89900,2,1,"South City",900,3006,1909,9,100,NA,"Active","","","http://www.redfin.com/MO/St-Louis/3818-Folsom-Ave-63110/home/93747443","MARIS","18095933","N","Y",38.6200019,-90.2427002,2018,197
"MLS Listing",NA,"Single Family Residential","5519 Grace Ave","St Louis","MO",63116,89900,2,1,"South City",1080,4138,1908,69,83,NA,"Active","","","http://www.redfin.com/MO/St-Louis/5519-Grace-Ave-63116/home/93761580","MARIS","18086337","N","Y",38.5699748,-90.2550181,2018,198
"MLS Listing",NA,"Single Family Residential","4349 Neosho","St Louis","MO",63116,90000,3,1,"South City",850,3528,1924,132,106,NA,"Active","","","http://www.redfin.com/MO/St-Louis/4349-Neosho-St-63116/home/93762326","MARIS","18069303","N","Y",38.5855353,-90.267656,2018,199
"MLS Listing",NA,"Single Family Residential","6311 Bradley Ave","St Louis","MO",63139,90000,3,1,"South City",867,4792,1948,222,104,NA,"Active","","","http://www.redfin.com/MO/St-Louis/6311-Bradley-Ave-63139/home/93775953","MARIS","18041835","N","Y",38.6034194,-90.2958158,2018,200
"MLS Listing",NA,"Vacant Land","437 Handy St","Sunset Hills","MO",63122,90000,NA,NA,"Kirkwood",NA,19602,NA,275,NA,NA,"Active","","","http://www.redfin.com/MO/St-Louis/437-Handy-St-63122/home/145271094","MARIS","18013951","N","Y",38.560849,-90.398318,2018,201
"MLS Listing",NA,"Single Family Residential","5229 Vermont Ave","St Louis","MO",63111,90000,2,2,"South City",1127,3703,1908,326,80,NA,"Active","","","http://www.redfin.com/MO/St-Louis/5229-Vermont-Ave-63111/home/93707964","MARIS","18007703","N","Y",38.5676147,-90.2464017,2018,202
"MLS Listing",NA,"Single Family Residential","5038 5040 Enright Ave","St Louis","MO",63108,90500,6,2,"Central West",1200,5097,1904,116,75,NA,"Active","","","http://www.redfin.com/MO/St-Louis/5040-Enright-Ave-63108/unit-2/home/147006927","MARIS","18071554","N","Y",38.6526989,-90.2649811,2018,203
"MLS Listing",NA,"Single Family Residential","6936 Idaho Ave","St Louis","MO",63111,90900,3,2,"South City",1350,3354,1915,141,67,NA,"Active","","","http://www.redfin.com/MO/St-Louis/6936-Idaho-Ave-63111/home/66033516","MARIS","18065811","N","Y",38.5555134,-90.2593911,2018,204
"MLS Listing",NA,"Single Family Residential","2219 Cherokee St","St Louis","MO",63118,92000,2,2,"Central East",790,3136,1881,22,116,NA,"Active","","","http://www.redfin.com/MO/St-Louis/2219-Cherokee-St-63118/home/93693966","MARIS","18094373","N","Y",38.593342,-90.223868,2018,205
"MLS Listing",NA,"Single Family Residential","4338 Osceola St","St Louis","MO",63116,92000,2,1,"South City",756,4487,1921,65,122,NA,"Active","January-5-2019 12:00 PM","January-5-2019 2:00 PM","http://www.redfin.com/MO/St-Louis/4338-Osceola-St-63116/home/93764752","MARIS","18081978","N","Y",38.5885263,-90.2662893,2018,206
"MLS Listing",NA,"Vacant Land","115 Oak Tree Dr","Poolville","TX",76487,92750,0,NA,"Oak Tree Ranch Estates",NA,229561,NA,191,NA,NA,"Active","","","http://www.redfin.com/TX/Poolville/115-Oak-Tree-Dr-76487/home/146110050","NTREIS","13876386","N","Y",38.575208,-90.356026,2018,207
"MLS Listing",NA,"Single Family Residential","5209 S Broadway","St Louis","MO",63111,94000,4,1,"South City",744,5184,1918,52,126,NA,"Active","","","http://www.redfin.com/MO/St-Louis/5209-S-Broadway-63111/home/93708082","MARIS","18089634","N","Y",38.5651977,-90.2400324,2018,208
"MLS Listing",NA,"Single Family Residential","7739 Fleta","St Louis","MO",63123,94900,1,1,"Affton",616,NA,1930,70,154,NA,"Active","","","http://www.redfin.com/MO/St-Louis/7739-Fleta-St-63123/home/93539893","MARIS","18086253","N","Y",38.5690563,-90.3089134,2018,209
"MLS Listing",NA,"Single Family Residential","4538 Ray Ave","St Louis","MO",63116,94900,2,1,"South City",863,3615,1906,78,110,NA,"Active","","","http://www.redfin.com/MO/St-Louis/4538-Ray-Ave-63116/home/93755926","MARIS","18079579","N","Y",38.5827605,-90.259272,2018,210
"MLS Listing",NA,"Single Family Residential","5024 Louisiana Ave","St Louis","MO",63111,94900,2,1,"South City",1196,5314,1914,17,79,NA,"Active","","","http://www.redfin.com/MO/St-Louis/5024-Louisiana-Ave-63111/home/93707838","MARIS","18095162","N","Y",38.5711393,-90.248852,2018,211
"MLS Listing",NA,"Multi-Family (2-4 Unit)","3636 Commonwealth Ave","St Louis","MO",63143,94900,5,2,"Maplewood-Rchmnd Hts",1904,5663,1920,62,50,NA,"Active","","","http://www.redfin.com/MO/Maplewood/3636-Commonwealth-Ave-63143/home/93508095","MARIS","18087960","N","Y",38.6019629,-90.3215592,2018,212
"MLS Listing",NA,"Condo/Co-op","609 Westgate Ave Unit 609C","St Louis","MO",63130,95000,1,1,"University City",627,828,NA,55,152,258,"Active","","","http://www.redfin.com/MO/University-City/609-Westgate-Ave-63130/unit-609C/home/87927708","MARIS","18088071","N","Y",38.6560068,-90.3045997,2018,213
"MLS Listing",NA,"Single Family Residential","5029 Newport Ave","St Louis","MO",63116,95000,2,1,"South City",1058,3920,1916,148,90,NA,"Active","","","http://www.redfin.com/MO/St-Louis/5029-Newport-Ave-63116/home/62757452","MARIS","18063351","N","Y",38.5790898,-90.2644143,2018,214
"For-Sale-by-Owner Listing",NA,"Multi-Family (2-4 Unit)","3502 Osage St","St. Louis","MO",63118,95000,4,2,"Saint Louis",2504,3920,1906,187,38,NA,"Active","","","http://www.redfin.com/MO/St-Louis/3502-Osage-St-63118/home/93704554","Fizber.com","4969135","N","Y",38.5843516,-90.2438902,2018,215
"MLS Listing",NA,"Single Family Residential","4338 Neosho St","St Louis","MO",63116,95000,2,2,"South City",1376,3446,1910,15,69,NA,"Active","","","http://www.redfin.com/MO/St-Louis/4338-Neosho-St-63116/home/93762054","MARIS","18094181","N","Y",38.5851504,-90.2674649,2018,216
"MLS Listing",NA,"Multi-Family (5+ Unit)","2801 N Sarah","St Louis","MO",63115,95000,NA,NA,"North",34450,10890,1909,94,3,NA,"Active","","","http://www.redfin.com/MO/St-Louis/2801-N-Sarah-St-63115/home/93717192","MARIS","18078899","N","Y",38.6596553,-90.2319623,2018,217
"MLS Listing",NA,"Single Family Residential","7740 Jerome Ave","St Louis","MO",63143,95000,2,2,"Maplewood-Rchmnd Hts",735,7013,1913,27,129,NA,"Active","","","http://www.redfin.com/MO/Maplewood/7740-Jerome-Ave-63143/home/62694484","MARIS","18093763","N","Y",38.6172323,-90.3282457,2018,218
"MLS Listing",NA,"Single Family Residential","5100 Lode Ave","St Louis","MO",63123,95000,2,2,"Bayless",840,3528,1970,100,113,NA,"Active","","","http://www.redfin.com/MO/Affton/5100-Lode-Ave-63123/home/73772755","MARIS","18077060","N","Y",38.5599261,-90.3065726,2018,219
"MLS Listing",NA,"Single Family Residential","4421 Gannett","St Louis","MO",63116,95000,2,1,"South City",880,3746,1910,2,108,NA,"Active","January-6-2019 2:00 PM","January-6-2019 4:00 PM","http://www.redfin.com/MO/St-Louis/4421-Gannett-St-63116/home/146879873","MARIS","18096422","N","Y",38.5850767,-90.2697858,2018,220
"MLS Listing",NA,"Multi-Family (2-4 Unit)","5232 Tennessee Ave","St Louis","MO",63111,96000,4,3,"South City",2040,5532,1987,96,47,NA,"Active","","","http://www.redfin.com/MO/St-Louis/5232-Tennessee-Ave-63111/home/93707934","MARIS","18073087","N","Y",38.570017,-90.251181,2018,221
"For-Sale-by-Owner Listing",NA,"Single Family Residential","3729 Courtois St","St. Louis","MO",63123,96500,3,1,"Saint Louis",768,5631,1951,194,126,NA,"Active","","","http://www.redfin.com/MO/St-Louis/3729-Courtois-St-63123/home/93712322","Fizber.com","4968017","N","Y",38.5543469,-90.2734671,2018,222
"MLS Listing",NA,"Condo/Co-op","7939 Royal Arms Ct #4","St Louis","MO",63123,97000,2,1,"Lindbergh",768,2178,1968,150,126,240,"Active","","","http://www.redfin.com/MO/St-Louis/7939-Royal-Arms-Ct-63123/unit-4/home/93562340","MARIS","18063562","N","Y",38.5567937,-90.3605623,2018,223
"MLS Listing",NA,"Single Family Residential","5011 Langley","Affton","MO",63123,97000,2,1,"Bayless",706,7187,1921,85,137,NA,"Active","January-6-2019 1:00 PM","January-6-2019 3:00 PM","http://www.redfin.com/MO/Affton/5011-Langley-Ave-63123/home/93556893","MARIS","18081184","N","Y",38.5585817,-90.3053461,2018,224
"MLS Listing",NA,"Single Family Residential","5203 Dewey Ave","St Louis","MO",63116,97500,2,1,"South City",700,4879,1923,1,139,NA,"Active","","","http://www.redfin.com/MO/St-Louis/5203-Dewey-Ave-63116/home/93742514","MARIS","18096476","N","Y",38.5731738,-90.2553583,2018,225
"MLS Listing",NA,"Multi-Family (5+ Unit)","5931 Maple Ave","St Louis","MO",63112,99000,NA,NA,"Central West",NA,8538,1917,230,NA,NA,"Active","","","http://www.redfin.com/MO/St-Louis/5931-Maple-Ave-63112/home/93723487","MARIS","18039951","N","Y",38.6615943,-90.2906587,2018,226
"MLS Listing",NA,"Single Family Residential","4148 Loughborough Ave","St Louis","MO",63116,99500,2,1,"South City",826,3877,1924,97,120,NA,"Active","","","http://www.redfin.com/MO/St-Louis/4148-Loughborough-Ave-63116/home/93772856","MARIS","18078812","N","Y",38.5653022,-90.2761852,2018,227
"MLS Listing",NA,"Single Family Residential","4448 Taft Ave","St Louis","MO",63116,99500,3,1,"South City",1225,4256,1923,205,81,NA,"Active","","","http://www.redfin.com/MO/St-Louis/4448-Taft-Ave-63116/home/93764661","MARIS","18047007","N","Y",38.587411,-90.2698755,2018,228
"MLS Listing",NA,"Single Family Residential","4726 Hummel Ave","St Louis","MO",63116,99800,2,1,"South City",894,3267,1910,28,112,NA,"Active","","","http://www.redfin.com/MO/St-Louis/4726-Hummel-Ave-63116/home/62717586","MARIS","18091955","N","Y",38.579244,-90.2768145,2018,229
"MLS Listing",NA,"Multi-Family (2-4 Unit)","5064 Cates Ave","St Louis","MO",63108,99900,6,4,"Central West",2970,5271,1902,358,34,NA,"Active","","","http://www.redfin.com/MO/St-Louis/5064-Cates-Ave-63108/home/93744559","MARIS","18001785","N","Y",38.6550805,-90.2653602,2018,230
"MLS Listing",NA,"Single Family Residential","2737 Osceola","St Louis","MO",63111,99900,2,2,"South City",850,2657,1928,150,118,NA,"Active","","","http://www.redfin.com/MO/St-Louis/2737-Osceola-St-63111/home/93705781","MARIS","18063629","N","Y",38.5760089,-90.2327662,2018,231
"MLS Listing",NA,"Single Family Residential","4724 Varrelmann Ave","St Louis","MO",63116,99900,2,2,"South City",1008,2962,1908,17,99,NA,"Active","","","http://www.redfin.com/MO/St-Louis/4724-Varrelmann-Ave-63116/home/93758994","MARIS","18093594","N","Y",38.5811601,-90.2644157,2018,232
"MLS Listing",NA,"Single Family Residential","7818 Genesta","St Louis","MO",63123,99900,3,1,"Affton",1050,6752,1928,100,95,NA,"Active","","","http://www.redfin.com/MO/St-Louis/7818-Genesta-St-63123/home/93539952","MARIS","18077079","N","Y",38.5671773,-90.3099141,2018,233
"MLS Listing",NA,"Single Family Residential","4669 Allemania St","St Louis","MO",63116,99900,3,1,"South City",897,3311,1927,70,111,NA,"Active","","","http://www.redfin.com/MO/St-Louis/4669-Allemania-St-63116/home/93776458","MARIS","18081163","N","Y",38.562072,-90.288999,2018,234
"MLS Listing",NA,"Condo/Co-op","5316 Pershing Ave #507","St Louis","MO",63112,99900,2,1,"Central West",905,NA,1917,50,110,309,"Active","","","http://www.redfin.com/MO/St-Louis/5316-Pershing-Ave-63112/unit-507/home/93723583","MARIS","18090170","N","Y",38.6475123,-90.2750501,2018,235
"MLS Listing",NA,"Single Family Residential","3541 Itaska St","St Louis","MO",63111,99900,3,1,"South City",1104,2875,1907,87,90,NA,"Active","","","http://www.redfin.com/MO/St-Louis/3541-Itaska-St-63111/home/93707152","MARIS","18081172","N","Y",38.5743156,-90.2483054,2018,236
"MLS Listing",NA,"Single Family Residential","7020 Lansdowne Ave","St Louis","MO",63109,99900,1,1,"South City",738,6316,1946,56,135,NA,"Active","","","http://www.redfin.com/MO/St-Louis/7020-Lansdowne-Ave-63109/home/93774137","MARIS","18087834","N","Y",38.5914434,-90.3136598,2018,237
"MLS Listing",NA,"Multi-Family (2-4 Unit)","3829 Meramec St","St Louis","MO",63116,99900,6,2,"South City",2274,4269,1926,324,44,NA,"Active","","","http://www.redfin.com/MO/St-Louis/3829-Meramec-St-63116/home/93772891","MARIS","18009411","N","Y",38.5834801,-90.2488581,2018,238
"MLS Listing",NA,"Single Family Residential","6752 Garner Ave","St Louis","MO",63139,99950,5,2,"South City",2008,10934,1888,175,50,NA,"Active","","","http://www.redfin.com/MO/St-Louis/6752-Garner-Ave-63139/home/93741291","MARIS","18055283","N","Y",38.6197116,-90.3038556,2018,239
"MLS Listing",NA,"Single Family Residential","6222 Goener Ave","St Louis","MO",63116,99999,2,1,"South City",911,1220,1947,29,110,NA,"Active","","","http://www.redfin.com/MO/St-Louis/6222-Goener-Ave-63116/home/93756660","MARIS","18093120","N","Y",38.5740237,-90.2781633,2018,240
"MLS Listing",NA,"Vacant Land","10225 E Watson","St Louis","MO",63124,100000,NA,NA,"Lindbergh",NA,38115,NA,98,NA,NA,"Active","","","http://www.redfin.com/MO/St-Louis/10225-E-Watson-63124/home/147297160","MARIS","18078711","N","Y",38.551941,-90.398295,2018,241
"MLS Listing",NA,"Single Family Residential","4596 Aldine Ave","St Louis","MO",63113,100000,4,2,"North",1616,4787,1914,66,62,NA,"Active","","","http://www.redfin.com/MO/St-Louis/4596-Aldine-Ave-63113/home/93718780","MARIS","18086681","N","Y",38.6598227,-90.2508013,2018,242
"MLS Listing",NA,"Multi-Family (2-4 Unit)","3740 Tennessee Ave","St Louis","MO",63118,100000,4,2,"Central East",2500,3920,1907,106,40,NA,"Active","","","http://www.redfin.com/MO/St-Louis/3740-Tennessee-Ave-63118/home/62773868","MARIS","18075560","N","Y",38.5885391,-90.2413795,2018,243
"MLS Listing",NA,"Single Family Residential","5364 West Ave","St Louis","MO",63116,102000,2,1,"South City",810,3920,1909,1,126,NA,"Active","","","http://www.redfin.com/MO/St-Louis/5364-West-Ave-63116/home/93761737","MARIS","19000027","N","Y",38.5800239,-90.2726234,2018,244
"MLS Listing",NA,"Single Family Residential","3239 Pulaski St","St Louis","MO",63111,102500,3,2,"South City",1500,NA,1904,149,68,NA,"Active","","","http://www.redfin.com/MO/St-Louis/3239-Pulaski-St-63111/home/146487364","MARIS","18063949","N","Y",38.5726432,-90.2428881,2018,245
"MLS Listing",NA,"Single Family Residential","5354 Alfred Ave","St Louis","MO",63116,102900,2,1,"South City",960,2940,1925,181,107,NA,"Active","","","http://www.redfin.com/MO/St-Louis/5354-Alfred-Ave-63116/home/93764935","MARIS","18054451","N","Y",38.5798977,-90.2705178,2018,246
"MLS Listing",NA,"Single Family Residential","5055 Louisiana Ave","St Louis","MO",63111,104900,4,2,"South City",1938,3920,1914,40,54,NA,"Active","","","http://www.redfin.com/MO/St-Louis/5055-Louisiana-Ave-63111/home/93707538","MARIS","18091500","N","Y",38.5706841,-90.2498954,2018,247
"MLS Listing",NA,"Condo/Co-op","2120 Waverly Unit A","St Louis","MO",63104,104900,1,1,"Central East",733,NA,NA,66,143,170,"Active","","","http://www.redfin.com/MO/St-Louis/2120-Waverly-Pl-63104/unit-A/home/146878474","MARIS","18086853","N","Y",38.612364,-90.217641,2018,248
"MLS Listing",NA,"Single Family Residential","4344 Gannett","St Louis","MO",63116,105000,2,1,"South City",768,3223,1911,48,137,NA,"Active","","","http://www.redfin.com/MO/St-Louis/4344-Gannett-St-63116/home/93763621","MARIS","18088307","N","Y",38.584335,-90.267982,2018,249
"For-Sale-by-Owner Listing",NA,"Single Family Residential","4028 Winnebago St","St. Louis","MO",63116,105000,2,1,"Saint Louis",946,2962,1912,99,111,NA,"Active","","","http://www.redfin.com/MO/St-Louis/4028-Winnebago-St-63116/home/69729164","Fizber.com","4980634","N","Y",38.59117,-90.25605,2018,250
"MLS Listing",NA,"Single Family Residential","5206 Dewey Ave","St Louis","MO",63116,105900,2,1,"South City",908,5619,1948,138,117,NA,"Active","","","http://www.redfin.com/MO/St-Louis/5206-Dewey-Ave-63116/home/93742528","MARIS","18066852","N","Y",38.5728679,-90.2550067,2018,251
"MLS Listing",NA,"Condo/Co-op","5671 Waterman","St Louis","MO",63112,106000,2,1,"Central West",700,NA,1914,51,151,270,"Active","","","http://www.redfin.com/MO/St-Louis/5671-Waterman-Blvd-63112/home/93678429","MARIS","18089826","N","Y",38.6501356,-90.2841488,2018,252
"MLS Listing",NA,"Single Family Residential","3635 Tesson St","St Louis","MO",63125,107900,3,2,"South City",1008,5793,1959,62,107,NA,"Active","January-6-2019 1:00 PM","January-6-2019 3:00 PM","http://www.redfin.com/MO/St-Louis/3635-Tesson-St-63125/home/93712192","MARIS","18088003","N","Y",38.5514371,-90.2722198,2018,253
"MLS Listing",NA,"Single Family Residential","3726 Fairview Ave","St Louis","MO",63116,107900,3,2,"South City",1700,3354,1905,91,63,NA,"Active","","","http://www.redfin.com/MO/St-Louis/3726-Fairview-Ave-63116/home/93730314","MARIS","18080301","N","Y",38.5950973,-90.2470892,2018,254
"MLS Listing",NA,"Condo/Co-op","5636 Waterman #36","St Louis","MO",63112,108000,2,1,"Central West",780,NA,1916,29,138,255,"Active","","","http://www.redfin.com/MO/St-Louis/5636-Waterman-Blvd-63112/unit-36/home/101699610","MARIS","18093323","N","Y",38.649346,-90.283283,2018,255
"MLS Listing",NA,"Single Family Residential","6141 Virginia Ave","St Louis","MO",63111,109000,2,1,"South City",962,3833,1922,22,113,NA,"Active","","","http://www.redfin.com/MO/St-Louis/6141-Virginia-Ave-63111/home/93709185","MARIS","18094298","N","Y",38.5604361,-90.2505248,2018,256
"MLS Listing",NA,"Single Family Residential","4928 Murdoch Ave","St Louis","MO",63109,109000,2,2,"South City",1125,4008,1918,134,97,NA,"Active","","","http://www.redfin.com/MO/St-Louis/4928-Murdoch-Ave-63109/home/93753339","MARIS","18066548","N","Y",38.585957,-90.277676,2018,257
"MLS Listing",NA,"Condo/Co-op","5330 Pershing Ave #401","St Louis","MO",63112,109000,2,1,"Central West",785,NA,1917,97,139,256,"Active","","","http://www.redfin.com/MO/St-Louis/5330-Pershing-Ave-63112/unit-401/home/93673730","MARIS","18073960","N","Y",38.6475729,-90.2757904,2018,258
"MLS Listing",NA,"Multi-Family (2-4 Unit)","3618 Pennsylvania Ave","St Louis","MO",63118,109000,6,2,"Central East",2522,3920,1912,136,43,NA,"Active","","","http://www.redfin.com/MO/St-Louis/3618-Pennsylvania-Ave-63118/home/93696372","MARIS","18067337","N","Y",38.5901122,-90.2340358,2018,259
"MLS Listing",NA,"Multi-Family (2-4 Unit)","3514 Iowa Ave","St Louis","MO",63118,109000,8,4,"Central East",3850,4966,NA,56,28,NA,"Active","","","http://www.redfin.com/MO/St-Louis/3514-Iowa-Ave-63118/home/93694743","MARIS","18089115","N","Y",38.591379,-90.229014,2018,260
"MLS Listing",NA,"Single Family Residential","6004 Louisiana Ave","St Louis","MO",63111,109900,2,2,"South City",893,4051,1928,2,123,NA,"Active","","","http://www.redfin.com/MO/St-Louis/6004-Louisiana-Ave-63111/home/93708863","MARIS","19000060","N","Y",38.564685,-90.2546514,2018,261
"MLS Listing",NA,"Condo/Co-op","7937 Royal Arms #2","St Louis","MO",63123,109900,2,1,"Lindbergh",768,2222,1968,262,143,224,"Active","","","http://www.redfin.com/MO/St-Louis/7937-Royal-Arms-Ct-63123/unit-2/home/93562334","MARIS","18029178","N","Y",38.5567937,-90.3605623,2018,262
"MLS Listing",NA,"Single Family Residential","4350 Itaska","St Louis","MO",63116,109900,3,1,"South City",978,3746,NA,57,112,NA,"Active","","","http://www.redfin.com/MO/St-Louis/4350-Itaska-St-63116/home/93763446","MARIS","18088607","N","Y",38.5835525,-90.2684833,2018,263
"MLS Listing",NA,"Single Family Residential","6020 Juniata St","St Louis","MO",63139,109900,3,2,"South City",1379,7797,1948,15,80,NA,"Active","","","http://www.redfin.com/MO/St-Louis/6020-Juniata-St-63139/home/93775795","MARIS","18094768","N","Y",38.6052767,-90.2912949,2018,264
"MLS Listing",NA,"Single Family Residential","4966 Blow St","St Louis","MO",63109,109900,2,1,"South City",1116,3267,1906,35,98,NA,"Active","","","http://www.redfin.com/MO/St-Louis/4966-Blow-St-63109/home/62767440","MARIS","18092318","N","Y",38.5698516,-90.2886008,2018,265
"MLS Listing",NA,"Single Family Residential","7130 Fernbrook","St Louis","MO",63123,109900,3,1,"Affton",864,10716,1955,167,127,NA,"Active","","","http://www.redfin.com/MO/Affton/7130-Fernbrook-Dr-63123/home/93561588","MARIS","18057536","N","Y",38.5649877,-90.3386975,2018,266
"MLS Listing",NA,"Single Family Residential","2654 Allen Ave","St Louis","MO",63104,109900,4,2,"Central East",1888,2701,NA,261,58,NA,"Active","","","http://www.redfin.com/MO/St-Louis/2654-Allen-Ave-63104/home/93672754","MARIS","18029604","N","Y",38.612085,-90.223687,2018,267
"MLS Listing",NA,"Single Family Residential","7827 Morganford","St Louis","MO",63123,109900,2,1,"South City",839,5663,1950,114,131,NA,"Active","","","http://www.redfin.com/MO/St-Louis/7827-Morganford-Rd-63123/home/93783835","MARIS","18072867","N","Y",38.5585871,-90.284438,2018,268
"MLS Listing",NA,"Single Family Residential","2834 Potomac","St Louis","MO",63118,110000,4,2,"Central East",1976,3920,1922,31,56,NA,"Active","","","http://www.redfin.com/MO/St-Louis/2834-Potomac-St-63118/home/62773913","MARIS","18092706","N","Y",38.591992,-90.231866,2018,269
"MLS Listing",NA,"Single Family Residential","1059 Wilson Ave","St Louis","MO",63130,110000,5,1,"University City",1623,7144,1939,62,68,NA,"Active","","","http://www.redfin.com/MO/University-City/1059-Wilson-Ave-63130/home/93457292","MARIS","18087941","N","Y",38.667193,-90.3305479,2018,270
"MLS Listing",NA,"Single Family Residential","3015 Minnesota Ave","St Louis","MO",63118,110000,3,2,"Central East",1900,3180,1905,83,58,NA,"Active","","","http://www.redfin.com/MO/St-Louis/3015-Minnesota-Ave-63118/home/93692546","MARIS","18082285","N","Y",38.602049,-90.233195,2018,271
"MLS Listing",NA,"Single Family Residential","3504 Kingsland","St Louis","MO",63111,110000,3,2,"South City",1600,4051,NA,33,69,NA,"Active","","","http://www.redfin.com/MO/St-Louis/3504-Kingsland-Ct-63111/home/93705470","MARIS","18091494","N","Y",38.5795937,-90.2432766,2018,272
"MLS Listing",NA,"Condo/Co-op","4 Delcrest Ct #204","St Louis","MO",63124,110000,2,1,"University City",1100,4312,1957,100,100,238,"Active","","","http://www.redfin.com/MO/St-Louis/4-Delcrest-Ct-63124/unit-204/home/93470665","MARIS","18073367","N","Y",38.6580711,-90.3528667,2018,273
"MLS Listing",NA,"Single Family Residential","3421 Tennessee Ave","St Louis","MO",63118,110000,3,2,"Central East",830,2823,1904,23,133,NA,"Active","","","http://www.redfin.com/MO/St-Louis/3421-Tennessee-Ave-63118/home/93695444","MARIS","18093903","N","Y",38.5944213,-90.2406317,2018,274
"MLS Listing",NA,"Condo/Co-op","6921 Southland Ave Unit B","St Louis","MO",63109,110000,1,1,"South City",574,NA,1947,71,192,150,"Active","","","http://www.redfin.com/MO/St-Louis/6921-Southland-Ave-63109/unit-B/home/93785935","MARIS","18084887","N","Y",38.573635,-90.2960801,2018,275
"MLS Listing",NA,"Condo/Co-op","8009 Delmar #5","University City","MO",63130,112000,2,1,"University City",975,2788,1935,203,115,300,"Active","","","http://www.redfin.com/MO/St-Louis/8009-Delmar-Blvd-63130/unit-5/home/93471036","MARIS","18047700","N","Y",38.6603492,-90.3449251,2018,276
"MLS Listing",NA,"Condo/Co-op","5646 Waterman Unit 1NE","St Louis","MO",63112,112500,2,1,"Central West",670,NA,1911,27,168,216,"Active","","","http://www.redfin.com/MO/St-Louis/5646-Waterman-Blvd-63112/unit-1NE/home/93671675","MARIS","18092473","N","Y",38.649346,-90.283283,2018,277
"MLS Listing",NA,"Condo/Co-op","4101 Magnolia Ave #305","St Louis","MO",63110,113900,1,1,"South City",768,NA,1925,1,148,230,"Active","January-6-2019 1:00 PM","January-6-2019 3:00 PM","http://www.redfin.com/MO/St-Louis/4101-Magnolia-Ave-63110/unit-305/home/65669697","MARIS","19000102","N","Y",38.6083164,-90.251753,2018,278
"MLS Listing",NA,"Single Family Residential","4916 Sunshine Dr","St Louis","MO",63109,114500,2,1,"South City",1080,4008,1930,44,106,NA,"Active","","","http://www.redfin.com/MO/St-Louis/4916-Sunshine-Dr-63109/home/93771083","MARIS","18091006","N","Y",38.5675154,-90.2899063,2018,279
"MLS Listing",NA,"Condo/Co-op","4501 Maryland Ave Unit B","St Louis","MO",63108,114900,1,1,"Central West",1009,NA,1925,127,114,279,"Active","","","http://www.redfin.com/MO/St-Louis/4501-Maryland-Ave-63108/unit-B/home/93724731","MARIS","18069987","N","Y",38.6440899,-90.2576059,2018,280
"MLS Listing",NA,"Single Family Residential","4311 Exeter Ave","St Louis","MO",63119,114900,2,1,"Webster Groves",1410,10106,1925,175,81,NA,"Active","","","http://www.redfin.com/MO/St-Louis/4311-Exeter-Ave-63119/home/93507751","MARIS","18055906","N","Y",38.5941505,-90.3282421,2018,281
"MLS Listing",NA,"Single Family Residential","4120 Fillmore","St Louis","MO",63116,114900,2,2,"South City",816,3541,1926,146,141,NA,"Active","","","http://www.redfin.com/MO/St-Louis/4120-Fillmore-St-63116/home/62718189","MARIS","18064556","N","Y",38.5718707,-90.2691903,2018,282
"MLS Listing",NA,"Single Family Residential","3615 Manhattan Ave","St Louis","MO",63143,114900,1,1,"Maplewood-Rchmnd Hts",665,3398,NA,115,173,NA,"Active","","","http://www.redfin.com/MO/Maplewood/3615-Manhattan-Ave-63143/home/93508126","MARIS","18067435","N","Y",38.6015717,-90.320711,2018,283
"MLS Listing",NA,"Single Family Residential","6423 East","St Louis","MO",63116,115000,2,2,"South City",900,3441,1951,26,128,NA,"Active","January-6-2019 1:00 PM","January-6-2019 3:00 PM","http://www.redfin.com/MO/St-Louis/6423-East-63116/home/148439770","MARIS","18092998","N","Y",38.574255,-90.281935,2018,284
"MLS Listing",NA,"Condo/Co-op","4536 Ohio St","St Louis","MO",63111,115000,2,2,"South City",1120,3372,1978,57,103,165,"Active","","","http://www.redfin.com/MO/St-Louis/4536-Ohio-Ave-63111/home/93706605","MARIS","18088814","N","Y",38.572668,-90.233386,2018,285
"MLS Listing",NA,"Single Family Residential","5718 Staely Ave","St Louis","MO",63123,115000,2,2,"Affton",777,10019,1920,86,148,NA,"Active","","","http://www.redfin.com/MO/Affton/5718-Staely-Ave-63123/home/93559596","MARIS","18081204","N","Y",38.5626545,-90.3140638,2018,286
"MLS Listing",NA,"Condo/Co-op","141 W Woodbine Ave Unit J","Kirkwood","MO",63122,116900,2,1,"Kirkwood",933,1525,1978,1,125,200,"Active","January-6-2019 1:00 PM","January-6-2019 3:00 PM","http://www.redfin.com/MO/Kirkwood/141-W-Woodbine-Ave-63122/unit-J/home/93544215","MARIS","19000204","N","Y",38.5742211,-90.4071619,2018,287
"MLS Listing",NA,"Single Family Residential","4471 Wallace St","St Louis","MO",63116,117000,2,1,"South City",1000,3703,1921,139,117,NA,"Active","","","http://www.redfin.com/MO/St-Louis/4471-Wallace-St-63116/home/93764096","MARIS","18066058","N","Y",38.583764,-90.2720081,2018,288
"MLS Listing",NA,"Single Family Residential","4548 Newport Ave","St Louis","MO",63116,117900,2,1,"South City",725,3398,1903,73,163,NA,"Active","","","http://www.redfin.com/MO/St-Louis/4548-Newport-Ave-63116/home/93756028","MARIS","18084261","N","Y",38.5829734,-90.2603447,2018,289
"MLS Listing",NA,"Single Family Residential","5412 Michigan Ave","St Louis","MO",63111,117900,3,3,"South City",1664,3223,2008,11,71,NA,"Active","","","http://www.redfin.com/MO/St-Louis/5412-Michigan-Ave-63111/home/93708231","MARIS","18095872","N","Y",38.5647499,-90.243691,2018,290
"MLS Listing",NA,"Single Family Residential","7308 Idamor","St Louis","MO",63123,118404,2,1,"Affton",900,7362,1953,114,132,NA,"Active","","","http://www.redfin.com/MO/Affton/7308-Idamor-Ln-63123/home/93561313","MARIS","18073754","N","Y",38.5600639,-90.341789,2018,291
"MLS Listing",NA,"Single Family Residential","5200 Alabama Ave","St Louis","MO",63111,119000,2,1,"South City",1300,4182,1909,7,92,NA,"Active","","","http://www.redfin.com/MO/St-Louis/5200-Alabama-Ave-63111/home/93707979","MARIS","18095945","N","Y",38.5685682,-90.2464476,2018,292
"MLS Listing",NA,"Multi-Family (2-4 Unit)","4633 Oregon Ave","St Louis","MO",63111,119000,2,2,"South City",1706,3136,1890,17,70,NA,"Active","","","http://www.redfin.com/MO/St-Louis/4633-Oregon-Ave-63111/home/93706945","MARIS","18082882","N","Y",38.5715753,-90.2360225,2018,293
"MLS Listing",NA,"Single Family Residential","3714 Upton St","St Louis","MO",63116,119000,2,2,"South City",840,3615,1960,70,142,NA,"Active","","","http://www.redfin.com/MO/St-Louis/3714-Upton-St-63116/home/93751437","MARIS","18086121","N","Y",38.5562441,-90.269065,2018,294
"MLS Listing",NA,"Single Family Residential","7133 Sharp Ave","St Louis","MO",63116,119000,2,1,"South City",768,3659,1950,172,155,NA,"Active","","","http://www.redfin.com/MO/St-Louis/7133-Sharp-Ave-63116/home/93784040","MARIS","18056269","N","Y",38.5612397,-90.2739894,2018,295
"MLS Listing",NA,"Single Family Residential","4946 Pernod Ave","St Louis","MO",63139,119900,2,2,"South City",1152,4356,1934,17,104,NA,"Active","","","http://www.redfin.com/MO/St-Louis/4946-Pernod-Ave-63139/home/93776033","MARIS","18094108","N","Y",38.5944568,-90.2740279,2018,296
"MLS Listing",NA,"Single Family Residential","5704 Welmering Dr","Unincorporated","MO",63123,119900,2,1,"Affton",759,3485,1939,73,158,NA,"Active","","","http://www.redfin.com/MO/Affton/5704-Welmering-Ave-63123/home/93559456","MARIS","18081740","N","Y",38.560158,-90.314617,2018,297
"MLS Listing",NA,"Single Family Residential","3711 Blow","St Louis","MO",63116,119900,2,1,"South City",858,3659,1907,21,140,NA,"Active","January-6-2019 1:00 PM","January-6-2019 3:00 PM","http://www.redfin.com/MO/St-Louis/3711-Blow-St-63116/home/93712024","MARIS","18094603","N","Y",38.5587518,-90.2666807,2018,298
"MLS Listing",NA,"Single Family Residential","7808 Leona St","St Louis","MO",63123,119900,3,1,"South City",960,6273,1950,84,125,NA,"Active","","","http://www.redfin.com/MO/St-Louis/7808-Leona-St-63123/home/93784408","MARIS","18081751","N","Y",38.5559012,-90.2797502,2018,299
"MLS Listing",NA,"Single Family Residential","4721 Don Ron","St Louis","MO",63123,119900,3,1,"Affton",1008,6839,1954,69,119,NA,"Active","","","http://www.redfin.com/MO/St-Louis/4721-Don-Ron-Dr-63123/home/93570551","MARIS","18081880","N","Y",38.5513537,-90.306132,2018,300
"MLS Listing",NA,"Single Family Residential","3847 Fairview Ave","St Louis","MO",63116,119900,3,1,"South City",1260,3964,1894,108,95,NA,"Active","","","http://www.redfin.com/MO/St-Louis/3847-Fairview-Ave-63116/home/93730458","MARIS","18074966","N","Y",38.5956672,-90.249014,2018,301
"MLS Listing",NA,"Condo/Co-op","1030 N Harrison Ave #405","St Louis","MO",63122,119900,1,1,"Kirkwood",690,1742,1984,141,174,116,"Active","","","http://www.redfin.com/MO/St-Louis/1030-N-Harrison-Ave-63122/unit-405/home/93512685","MARIS","18065255","N","Y",38.5987788,-90.4105391,2018,302
"MLS Listing",NA,"Single Family Residential","4459 Tholozan Ave","St Louis","MO",63116,119900,2,1,"South City",816,3254,1926,37,147,NA,"Active","","","http://www.redfin.com/MO/St-Louis/4459-Tholozan-Ave-63116/home/62686820","MARIS","18091841","N","Y",38.5937699,-90.2677965,2018,303
"MLS Listing",NA,"Single Family Residential","6704 Morganford","St Louis","MO",63116,119900,2,1,"South City",1032,4143,1939,121,116,NA,"Active","","","http://www.redfin.com/MO/St-Louis/6704-Morganford-Rd-63116/home/93778282","MARIS","18071679","N","Y",38.5671795,-90.2758343,2018,304
"MLS Listing",NA,"Single Family Residential","7101 Morganford Rd","St Louis","MO",63116,119900,2,1,"South City",816,5158,1952,70,147,NA,"Active","","","http://www.redfin.com/MO/St-Louis/7101-Morganford-Rd-63116/home/93784543","MARIS","18086042","N","Y",38.5646739,-90.278754,2018,305
"MLS Listing",NA,"Single Family Residential","4427 Wilcox Ave","St Louis","MO",63116,120000,2,2,"South City",1242,3703,1911,81,97,NA,"Active","","","http://www.redfin.com/MO/St-Louis/4427-Wilcox-Ave-63116/home/93764989","MARIS","18082518","N","Y",38.581745,-90.2711008,2018,306
"MLS Listing",NA,"Single Family Residential","1235 Clara Ave","St Louis","MO",63112,120000,5,2,"Central West",1916,5532,1896,217,63,NA,"Active","","","http://www.redfin.com/MO/St-Louis/1235-Clara-Ave-63112/home/93722532","MARIS","18044261","N","Y",38.6645484,-90.2802023,2018,307
"MLS Listing",NA,"Single Family Residential","7136 Leona","St Louis","MO",63116,120575,3,1,"South City",864,5310,NA,78,140,NA,"Active","","","http://www.redfin.com/MO/St-Louis/7136-Leona-63116/home/147656060","MARIS","18081611","N","Y",38.561515,-90.275564,2018,308
"MLS Listing",NA,"Condo/Co-op","541 Rosedale Ave #101","St Louis","MO",63112,121000,2,1,"Central West",781,NA,1911,70,155,186,"Active","January-6-2019 1:00 PM","January-6-2019 3:00 PM","http://www.redfin.com/MO/St-Louis/541-Rosedale-Ave-63112/unit-101/home/93676460","MARIS","18084984","N","Y",38.654473,-90.296511,2018,309
"MLS Listing",NA,"Single Family Residential","4919 Loughborough Ave","St Louis","MO",63109,121900,2,1,"South City",1053,3833,1911,59,116,NA,"Active","","","http://www.redfin.com/MO/St-Louis/4919-Loughborough-Ave-63109/home/93764345","MARIS","18087357","N","Y",38.5705946,-90.2854798,2018,310
"MLS Listing",NA,"Single Family Residential","3933 Itaska St","St Louis","MO",63116,122500,4,3,"South City",1479,4966,1950,57,83,NA,"Active","","","http://www.redfin.com/MO/St-Louis/3933-Itaska-St-63116/home/93769641","MARIS","18088654","N","Y",38.5786225,-90.2576217,2018,311
"MLS Listing",NA,"Single Family Residential","4119 Upton Ct","St Louis","MO",63116,122500,2,1,"South City",816,4922,1953,147,150,NA,"Active","","","http://www.redfin.com/MO/St-Louis/4119-Upton-Ct-63116/home/93784283","MARIS","18059978","N","Y",38.5620892,-90.2791269,2018,312
"MLS Listing",NA,"Multi-Family (2-4 Unit)","4015 Giles Ave","St Louis","MO",63116,122900,4,2,"South City",2300,4256,NA,153,53,NA,"Active","","","http://www.redfin.com/MO/St-Louis/4015-Giles-Ave-63116/home/93772903","MARIS","18063268","N","Y",38.585154,-90.248218,2018,313
"MLS Listing",NA,"Condo/Co-op","5653 Waterman Blvd Unit 1N","St Louis","MO",63112,123900,2,1,"Central West",830,NA,1914,34,149,331,"Active","","","http://www.redfin.com/MO/St-Louis/5653-Waterman-Blvd-63112/unit-1N/home/93671673","MARIS","18091648","N","Y",38.650104,-90.283214,2018,314
"MLS Listing",NA,"Single Family Residential","4851 Heidelberg Ave","St Louis","MO",63123,124000,2,1,"Bayless",887,9583,1922,24,140,NA,"Active","","","http://www.redfin.com/MO/St-Louis/4851-Heidelberg-Ave-63123/home/93557877","MARIS","18093969","N","Y",38.5599504,-90.2971005,2018,315
"MLS Listing",NA,"Condo/Co-op","520 Rosedale Ave #201","St Louis","MO",63112,124900,2,1,"Central West",931,NA,1953,36,134,206,"Active","January-6-2019 1:00 PM","January-6-2019 3:00 PM","http://www.redfin.com/MO/St-Louis/520-Rosedale-Ave-63112/unit-201/home/63494554","MARIS","18091826","N","Y",38.6538892,-90.2960523,2018,316
"MLS Listing",NA,"Single Family Residential","6742 Odell","St Louis","MO",63139,124900,2,1,"South City",784,5445,1926,83,159,NA,"Active","","","http://www.redfin.com/MO/St-Louis/6742-Odell-St-63139/home/93743843","MARIS","18082181","N","Y",38.6102011,-90.3046266,2018,317
"MLS Listing",NA,"Single Family Residential","2912 Indiana Ave","St Louis","MO",63118,124900,2,2,"Central East",1598,3354,1890,77,78,NA,"Active","","","http://www.redfin.com/MO/St-Louis/2912-Indiana-Ave-63118/home/93699027","MARIS","18083558","N","Y",38.6001756,-90.2224874,2018,318
"MLS Listing",NA,"Single Family Residential","406 Tiffany","St Louis","MO",63123,124900,2,1,"Bayless",912,9583,1956,69,137,13,"Active","","","http://www.redfin.com/MO/St-Louis/406-Tiffany-Dr-63123/home/62702906","MARIS","18086373","N","Y",38.5508744,-90.2846083,2018,319
"MLS Listing",NA,"Condo/Co-op","4355 Maryland Ave #219","St Louis","MO",63108,124900,2,1,"Central West",873,NA,1967,127,143,311,"Active","","","http://www.redfin.com/MO/St-Louis/4355-Maryland-Ave-63108/unit-219/home/93725660","MARIS","18070190","N","Y",38.6429188,-90.2520925,2018,320
"MLS Listing",NA,"Single Family Residential","4477 Neosho","St Louis","MO",63116,124900,2,2,"South City",800,3746,1933,1,156,NA,"Active","","","http://www.redfin.com/MO/St-Louis/4477-Neosho-St-63116/home/93763553","MARIS","19000169","N","Y",38.5864252,-90.271286,2018,321
"MLS Listing",NA,"Single Family Residential","6039 Wanda Ave","St Louis","MO",63116,124900,2,1,"South City",988,4051,1926,63,126,NA,"Active","","","http://www.redfin.com/MO/St-Louis/6039-Wanda-Ave-63116/home/69220467","MARIS","18086856","N","Y",38.5745671,-90.2737973,2018,322
"Redfin Data",NA,"Single Family Residential","5617 Botanical Ave","St. Louis","MO",63110,125000,1,1,"St. Louis",792,2614,1914,5,158,NA,"Pre On-Market","","","http://www.redfin.com/MO/St-Louis/5617-Botanical-Ave-63110/home/62759905","Coming Soon","23958","N","Y",38.6127999,-90.2823951,2018,323
"MLS Listing",NA,"Condo/Co-op","5635 Waterman Blvd #32","St Louis","MO",63112,125000,2,1,"Central West",865,NA,1915,92,145,344,"Active","January-6-2019 1:00 PM","January-6-2019 3:00 PM","http://www.redfin.com/MO/St-Louis/5635-Waterman-Blvd-63112/unit-32/home/147387844","MARIS","18078860","N","Y",38.650104,-90.283214,2018,324
"MLS Listing",NA,"Single Family Residential","4142 S Compton Ave","St Louis","MO",63118,125000,2,2,"Central East",1614,6970,1898,86,77,NA,"Active","","","http://www.redfin.com/MO/St-Louis/4142-S-Compton-Ave-63118/home/93705254","MARIS","18081304","N","Y",38.5808861,-90.2394827,2018,325
"MLS Listing",NA,"Condo/Co-op","2315 Ann Ave Unit A","St Louis","MO",63104,125000,2,1,"Central East",1074,NA,1906,35,116,300,"Active","","","http://www.redfin.com/MO/St-Louis/2315-Ann-Ave-63104/unit-A/home/62749173","MARIS","18092409","N","Y",38.609978,-90.220566,2018,326
"MLS Listing",NA,"Single Family Residential","5845 Staely Ave","St Louis","MO",63123,125000,2,2,"Affton",768,7187,1950,84,163,NA,"Active","","","http://www.redfin.com/MO/Affton/5845-Staely-Ave-63123/home/93559907","MARIS","18081578","N","Y",38.5630177,-90.316304,2018,327
"MLS Listing",NA,"Single Family Residential","6450 Virginia Ave","St Louis","MO",63111,125000,4,2,"South City",1728,5031,1897,111,72,NA,"Active","","","http://www.redfin.com/MO/St-Louis/6450-Virginia-Ave-63111/home/93709662","MARIS","18073234","N","Y",38.5573359,-90.2530472,2018,328
"MLS Listing",NA,"Multi-Family (2-4 Unit)","4022 Itaska","St Louis","MO",63116,125000,2,2,"South City",1334,4008,1930,5,94,NA,"Active","","","http://www.redfin.com/MO/St-Louis/4022-Itaska-St-63116/home/93778481","MARIS","18096212","N","Y",38.5797682,-90.2606463,2018,329
"MLS Listing",NA,"Single Family Residential","4842 Heidelberg Ave","St Louis","MO",63123,125000,2,1,"Bayless",877,4487,1908,134,143,NA,"Active","","","http://www.redfin.com/MO/St-Louis/4842-Heidelberg-Ave-63123/home/93557868","MARIS","18065968","N","Y",38.5597637,-90.2973661,2018,330
"MLS Listing",NA,"Single Family Residential","4821 Hamburg Ave","St Louis","MO",63123,127400,2,2,"South City",1184,4312,1999,85,108,NA,"Active","","","http://www.redfin.com/MO/St-Louis/4821-Hamburg-Ave-63123/home/93759482","MARIS","18075532","N","Y",38.5612289,-90.2943475,2018,331
"MLS Listing",NA,"Condo/Co-op","611 Candleberry Unit C","Kirkwood","MO",63122,127500,2,1,"Kirkwood",810,3746,1966,27,157,210,"Active","","","http://www.redfin.com/MO/Kirkwood/611-Candleberry-Ct-63122/unit-C/home/93628277","MARIS","18093374","N","Y",38.5727563,-90.4077928,2018,332
"MLS Listing",NA,"Single Family Residential","5229 Fairview Ave","St Louis","MO",63139,127900,2,1,"South City",780,5576,1949,29,164,NA,"Active","","","http://www.redfin.com/MO/St-Louis/5229-Fairview-Ave-63139/home/93742704","MARIS","18092908","N","Y",38.5989153,-90.2786137,2018,333
"MLS Listing",NA,"Single Family Residential","5410 Dresden Ave","St Louis","MO",63116,128000,2,2,"South City",1026,3136,1908,120,125,NA,"Active","","","http://www.redfin.com/MO/St-Louis/5410-Dresden-Ave-63116/home/93757877","MARIS","18072164","N","Y",38.5793333,-90.2742284,2018,334
"MLS Listing",NA,"Single Family Residential","3438 Dunnica Ave","St Louis","MO",63118,129000,3,3,"Central East",1776,3311,1900,152,73,NA,"Active","","","http://www.redfin.com/MO/St-Louis/3438-Dunnica-Ave-63118/home/66026253","MARIS","18063312","N","Y",38.586938,-90.2423326,2018,335
"MLS Listing",NA,"Single Family Residential","5903 Michigan Ave","St Louis","MO",63111,129000,2,2,"South City",1246,4748,1929,104,104,NA,"Active","","","http://www.redfin.com/MO/St-Louis/5903-Michigan-Ave-63111/home/93708830","MARIS","18075824","N","Y",38.5614609,-90.2470617,2018,336
"MLS Listing",NA,"Condo/Co-op","849 Westgate Ave #203","St Louis","MO",63130,129000,2,2,"University City",860,915,2008,135,150,250,"Active","","","http://www.redfin.com/MO/St-Louis/849-Westgate-Ave-63130/unit-203/home/93327654","MARIS","18067528","N","Y",38.6607798,-90.3042274,2018,337
"MLS Listing",NA,"Single Family Residential","4922 Schollmeyer Ave","St Louis","MO",63109,129900,2,1,"South City",1050,3659,1924,68,124,NA,"Active","","","http://www.redfin.com/MO/St-Louis/4922-Schollmeyer-Ave-63109/home/93764514","MARIS","18086448","N","Y",38.572327,-90.285091,2018,338
"MLS Listing",NA,"Single Family Residential","4127 Shenandoah Ave","St Louis","MO",63110,129900,4,2,"South City",1968,3136,1905,20,66,NA,"Active","","","http://www.redfin.com/MO/St-Louis/4127-Shenandoah-Ave-63110/home/93746477","MARIS","18094726","N","Y",38.6108577,-90.2524486,2018,339
"MLS Listing",NA,"Single Family Residential","7448 Morganford","St Louis","MO",63116,129900,2,1,"South City",912,NA,NA,71,142,NA,"Active","","","http://www.redfin.com/MO/St-Louis/7448-Morganford-Rd-63116/home/93784397","MARIS","18084711","N","Y",38.5608397,-90.2816033,2018,340
"MLS Listing",NA,"Single Family Residential","5155 Goethe Ave","St Louis","MO",63109,129900,2,1,"South City",1050,4835,1926,85,124,NA,"Active","January-6-2019 1:00 PM","January-6-2019 3:00 PM","http://www.redfin.com/MO/St-Louis/5155-Goethe-Ave-63109/home/93769453","MARIS","18081631","N","Y",38.5799537,-90.2840612,2018,341
"MLS Listing",NA,"Single Family Residential","4325 Taft Ave","St Louis","MO",63116,129900,3,1,"South City",1238,4835,1924,7,105,NA,"Active","","","http://www.redfin.com/MO/St-Louis/4325-Taft-Ave-63116/home/93764719","MARIS","18096126","N","Y",38.5870516,-90.2662489,2018,342
"MLS Listing",NA,"Single Family Residential","4935 Quincy St","St Louis","MO",63109,129900,2,1,"South City",1098,4966,1923,16,118,NA,"Active","January-6-2019 1:00 PM","January-6-2019 3:00 PM","http://www.redfin.com/MO/St-Louis/4935-Quincy-St-63109/home/93765961","MARIS","18093461","N","Y",38.5701908,-90.2867701,2018,343
"For-Sale-by-Owner Listing",NA,"Single Family Residential","4623 Rosa Ave","St. Louis","MO",63116,129900,3,1,"Saint Louis",1300,3484,1915,439,100,NA,"Active","","","http://www.redfin.com/MO/St-Louis/4623-Rosa-Ave-63116/home/62764598","Fizber.com","4937260","N","Y",38.5766608,-90.2772185,2018,344
"MLS Listing",NA,"Single Family Residential","4314 Virginia Ave","St Louis","MO",63111,130000,0,1,"South City",1798,9017,1907,136,72,NA,"Active","","","http://www.redfin.com/MO/St-Louis/4314-Virginia-Ave-63111/home/93705841","MARIS","18061921","N","Y",38.5782488,-90.2412985,2018,345
"MLS Listing",NA,"Single Family Residential","5620 Tholozan Ave","St Louis","MO",63109,130000,3,1,"South City",1560,4966,1941,138,83,NA,"Active","","","http://www.redfin.com/MO/St-Louis/5620-Tholozan-Ave-63109/home/79086395","MARIS","18064687","N","Y",38.594946,-90.286285,2018,346
"MLS Listing",NA,"Multi-Family (2-4 Unit)","4806 S Broadway","St Louis","MO",63111,130000,5,2,"South City",2124,4792,1926,41,61,NA,"Active","","","http://www.redfin.com/MO/St-Louis/4806-S-Broadway-63111/home/62772618","MARIS","18091472","N","Y",38.5689061,-90.2366423,2018,347
"MLS Listing",NA,"Multi-Family (2-4 Unit)","6617 Chamberlain Ave","St Louis","MO",63130,131900,NA,NA,"University City",NA,11326,1900,65,NA,NA,"Active","","","http://www.redfin.com/MO/University-City/6617-Chamberlain-Ave-63130/home/93456039","MARIS","18087068","N","Y",38.6638774,-90.3048925,2018,348
"MLS Listing",NA,"Single Family Residential","6496 Dale Ave","St Louis","MO",63139,131976,3,1,"South City",936,7501,1924,28,141,NA,"Active","","","http://www.redfin.com/MO/St-Louis/6496-Dale-Ave-63139/home/93786021","MARIS","18092536","N","Y",38.6232628,-90.29733,2018,349
"MLS Listing",NA,"Single Family Residential","7017 Nashville Ave","St Louis","MO",63117,132000,2,2,"South City",792,NA,1954,69,167,NA,"Active","","","http://www.redfin.com/MO/St-Louis/7017-Nashville-Ave-63117/home/93676117","MARIS","18086383","N","Y",38.6280183,-90.3077826,2018,350
"MLS Listing",NA,"Condo/Co-op","2315 Ann Ave Unit A","St Louis","MO",63104,125000,2,1,"Central East",1074,NA,1906,35,116,300,"Active","","","http://www.redfin.com/MO/St-Louis/2315-Ann-Ave-63104/unit-A/home/62749173","MARIS","18092409","N","Y",38.609978,-90.220566,2018,351
"Redfin Data",NA,"Single Family Residential","5617 Botanical Ave","St. Louis","MO",63110,125000,1,1,"St. Louis",792,2614,1914,5,158,NA,"Pre On-Market","","","http://www.redfin.com/MO/St-Louis/5617-Botanical-Ave-63110/home/62759905","Coming Soon","23958","N","Y",38.6127999,-90.2823951,2018,352
"MLS Listing",NA,"Condo/Co-op","5635 Waterman Blvd #32","St Louis","MO",63112,125000,2,1,"Central West",865,NA,1915,92,145,344,"Active","January-6-2019 1:00 PM","January-6-2019 3:00 PM","http://www.redfin.com/MO/St-Louis/5635-Waterman-Blvd-63112/unit-32/home/147387844","MARIS","18078860","N","Y",38.650104,-90.283214,2018,353
"MLS Listing",NA,"Single Family Residential","4142 S Compton Ave","St Louis","MO",63118,125000,2,2,"Central East",1614,6970,1898,86,77,NA,"Active","","","http://www.redfin.com/MO/St-Louis/4142-S-Compton-Ave-63118/home/93705254","MARIS","18081304","N","Y",38.5808861,-90.2394827,2018,354
"MLS Listing",NA,"Single Family Residential","5845 Staely Ave","St Louis","MO",63123,125000,2,2,"Affton",768,7187,1950,84,163,NA,"Active","","","http://www.redfin.com/MO/Affton/5845-Staely-Ave-63123/home/93559907","MARIS","18081578","N","Y",38.5630177,-90.316304,2018,355
"MLS Listing",NA,"Multi-Family (2-4 Unit)","4022 Itaska","St Louis","MO",63116,125000,2,2,"South City",1334,4008,1930,5,94,NA,"Active","","","http://www.redfin.com/MO/St-Louis/4022-Itaska-St-63116/home/93778481","MARIS","18096212","N","Y",38.5797682,-90.2606463,2018,356
"MLS Listing",NA,"Single Family Residential","6450 Virginia Ave","St Louis","MO",63111,125000,4,2,"South City",1728,5031,1897,111,72,NA,"Active","","","http://www.redfin.com/MO/St-Louis/6450-Virginia-Ave-63111/home/93709662","MARIS","18073234","N","Y",38.5573359,-90.2530472,2018,357
"MLS Listing",NA,"Single Family Residential","4842 Heidelberg Ave","St Louis","MO",63123,125000,2,1,"Bayless",877,4487,1908,134,143,NA,"Active","","","http://www.redfin.com/MO/St-Louis/4842-Heidelberg-Ave-63123/home/93557868","MARIS","18065968","N","Y",38.5597637,-90.2973661,2018,358
"MLS Listing",NA,"Single Family Residential","4821 Hamburg Ave","St Louis","MO",63123,127400,2,2,"South City",1184,4312,1999,85,108,NA,"Active","","","http://www.redfin.com/MO/St-Louis/4821-Hamburg-Ave-63123/home/93759482","MARIS","18075532","N","Y",38.5612289,-90.2943475,2018,359
"MLS Listing",NA,"Condo/Co-op","611 Candleberry Unit C","Kirkwood","MO",63122,127500,2,1,"Kirkwood",810,3746,1966,27,157,210,"Active","","","http://www.redfin.com/MO/Kirkwood/611-Candleberry-Ct-63122/unit-C/home/93628277","MARIS","18093374","N","Y",38.5727563,-90.4077928,2018,360
"MLS Listing",NA,"Single Family Residential","5229 Fairview Ave","St Louis","MO",63139,127900,2,1,"South City",780,5576,1949,29,164,NA,"Active","","","http://www.redfin.com/MO/St-Louis/5229-Fairview-Ave-63139/home/93742704","MARIS","18092908","N","Y",38.5989153,-90.2786137,2018,361
"MLS Listing",NA,"Single Family Residential","5410 Dresden Ave","St Louis","MO",63116,128000,2,2,"South City",1026,3136,1908,120,125,NA,"Active","","","http://www.redfin.com/MO/St-Louis/5410-Dresden-Ave-63116/home/93757877","MARIS","18072164","N","Y",38.5793333,-90.2742284,2018,362
"MLS Listing",NA,"Condo/Co-op","849 Westgate Ave #203","St Louis","MO",63130,129000,2,2,"University City",860,915,2008,135,150,250,"Active","","","http://www.redfin.com/MO/St-Louis/849-Westgate-Ave-63130/unit-203/home/93327654","MARIS","18067528","N","Y",38.6607798,-90.3042274,2018,363
"MLS Listing",NA,"Single Family Residential","5903 Michigan Ave","St Louis","MO",63111,129000,2,2,"South City",1246,4748,1929,104,104,NA,"Active","","","http://www.redfin.com/MO/St-Louis/5903-Michigan-Ave-63111/home/93708830","MARIS","18075824","N","Y",38.5614609,-90.2470617,2018,364
"MLS Listing",NA,"Single Family Residential","3438 Dunnica Ave","St Louis","MO",63118,129000,3,3,"Central East",1776,3311,1900,152,73,NA,"Active","","","http://www.redfin.com/MO/St-Louis/3438-Dunnica-Ave-63118/home/66026253","MARIS","18063312","N","Y",38.586938,-90.2423326,2018,365
"MLS Listing",NA,"Single Family Residential","4922 Schollmeyer Ave","St Louis","MO",63109,129900,2,1,"South City",1050,3659,1924,68,124,NA,"Active","","","http://www.redfin.com/MO/St-Louis/4922-Schollmeyer-Ave-63109/home/93764514","MARIS","18086448","N","Y",38.572327,-90.285091,2018,366
"MLS Listing",NA,"Single Family Residential","4127 Shenandoah Ave","St Louis","MO",63110,129900,4,2,"South City",1968,3136,1905,20,66,NA,"Active","","","http://www.redfin.com/MO/St-Louis/4127-Shenandoah-Ave-63110/home/93746477","MARIS","18094726","N","Y",38.6108577,-90.2524486,2018,367
"For-Sale-by-Owner Listing",NA,"Single Family Residential","4623 Rosa Ave","St. Louis","MO",63116,129900,3,1,"Saint Louis",1300,3484,1915,439,100,NA,"Active","","","http://www.redfin.com/MO/St-Louis/4623-Rosa-Ave-63116/home/62764598","Fizber.com","4937260","N","Y",38.5766608,-90.2772185,2018,368
"MLS Listing",NA,"Single Family Residential","5155 Goethe Ave","St Louis","MO",63109,129900,2,1,"South City",1050,4835,1926,85,124,NA,"Active","January-6-2019 1:00 PM","January-6-2019 3:00 PM","http://www.redfin.com/MO/St-Louis/5155-Goethe-Ave-63109/home/93769453","MARIS","18081631","N","Y",38.5799537,-90.2840612,2018,369
"MLS Listing",NA,"Single Family Residential","4325 Taft Ave","St Louis","MO",63116,129900,3,1,"South City",1238,4835,1924,7,105,NA,"Active","","","http://www.redfin.com/MO/St-Louis/4325-Taft-Ave-63116/home/93764719","MARIS","18096126","N","Y",38.5870516,-90.2662489,2018,370
"MLS Listing",NA,"Single Family Residential","7448 Morganford","St Louis","MO",63116,129900,2,1,"South City",912,NA,NA,71,142,NA,"Active","","","http://www.redfin.com/MO/St-Louis/7448-Morganford-Rd-63116/home/93784397","MARIS","18084711","N","Y",38.5608397,-90.2816033,2018,371
"MLS Listing",NA,"Single Family Residential","4935 Quincy St","St Louis","MO",63109,129900,2,1,"South City",1098,4966,1923,16,118,NA,"Active","January-6-2019 1:00 PM","January-6-2019 3:00 PM","http://www.redfin.com/MO/St-Louis/4935-Quincy-St-63109/home/93765961","MARIS","18093461","N","Y",38.5701908,-90.2867701,2018,372
"MLS Listing",NA,"Single Family Residential","5620 Tholozan Ave","St Louis","MO",63109,130000,3,1,"South City",1560,4966,1941,138,83,NA,"Active","","","http://www.redfin.com/MO/St-Louis/5620-Tholozan-Ave-63109/home/79086395","MARIS","18064687","N","Y",38.594946,-90.286285,2018,373
"MLS Listing",NA,"Single Family Residential","4314 Virginia Ave","St Louis","MO",63111,130000,0,1,"South City",1798,9017,1907,136,72,NA,"Active","","","http://www.redfin.com/MO/St-Louis/4314-Virginia-Ave-63111/home/93705841","MARIS","18061921","N","Y",38.5782488,-90.2412985,2018,374
"MLS Listing",NA,"Multi-Family (2-4 Unit)","4806 S Broadway","St Louis","MO",63111,130000,5,2,"South City",2124,4792,1926,41,61,NA,"Active","","","http://www.redfin.com/MO/St-Louis/4806-S-Broadway-63111/home/62772618","MARIS","18091472","N","Y",38.5689061,-90.2366423,2018,375
"MLS Listing",NA,"Multi-Family (2-4 Unit)","6617 Chamberlain Ave","St Louis","MO",63130,131900,NA,NA,"University City",NA,11326,1900,65,NA,NA,"Active","","","http://www.redfin.com/MO/University-City/6617-Chamberlain-Ave-63130/home/93456039","MARIS","18087068","N","Y",38.6638774,-90.3048925,2018,376
"MLS Listing",NA,"Single Family Residential","6496 Dale Ave","St Louis","MO",63139,131976,3,1,"South City",936,7501,1924,28,141,NA,"Active","","","http://www.redfin.com/MO/St-Louis/6496-Dale-Ave-63139/home/93786021","MARIS","18092536","N","Y",38.6232628,-90.29733,2018,377
"MLS Listing",NA,"Single Family Residential","7017 Nashville Ave","St Louis","MO",63117,132000,2,2,"South City",792,NA,1954,69,167,NA,"Active","","","http://www.redfin.com/MO/St-Louis/7017-Nashville-Ave-63117/home/93676117","MARIS","18086383","N","Y",38.6280183,-90.3077826,2018,378
"MLS Listing",NA,"Single Family Residential","5201 South Kingshighway Blvd","St Louis","MO",63109,132000,2,1,"South City",866,3724,1919,19,152,NA,"Active","","","http://www.redfin.com/MO/St-Louis/5201-S-Kingshighway-Blvd-63109/home/93766881","MARIS","18094579","N","Y",38.5824567,-90.2784007,2018,379
"MLS Listing",NA,"Single Family Residential","3514 Grace Ave","St Louis","MO",63116,132500,3,3,"South City",1712,3485,1910,62,77,NA,"Active","","","http://www.redfin.com/MO/St-Louis/3514-Grace-Ave-63116/home/93695399","MARIS","18087237","N","Y",38.5934,-90.2447222,2018,380
"MLS Listing",NA,"Single Family Residential","5251 Chippewa","St Louis","MO",63109,132500,3,2,"South City",1755,6795,1928,132,75,NA,"Active","","","http://www.redfin.com/MO/St-Louis/5251-Chippewa-St-63109/home/92657654","MARIS","18069329","N","Y",38.5922785,-90.281077,2018,381
"MLS Listing",NA,"Single Family Residential","5201 Alaska Ave","St Louis","MO",63111,133000,4,3,"South City",2084,2614,1912,56,64,NA,"Active","","","http://www.redfin.com/MO/St-Louis/5201-Alaska-Ave-63111/home/93707996","MARIS","18089226","N","Y",38.569947,-90.2490048,2018,382
"MLS Listing",NA,"Single Family Residential","3112 Magnolia","St Louis","MO",63118,133500,1,1,"Central East",1082,3925,1887,84,123,NA,"Active","January-6-2019 1:00 PM","January-6-2019 3:00 PM","http://www.redfin.com/MO/St-Louis/3112-Magnolia-Ave-63118/home/93692141","MARIS","18082115","N","Y",38.6049955,-90.2329494,2018,383
"MLS Listing",NA,"Single Family Residential","4525 Tholozan Ave","St Louis","MO",63116,134900,2,1,"South City",968,4312,1931,6,139,NA,"Active","","","http://www.redfin.com/MO/St-Louis/4525-Tholozan-Ave-63116/home/93756352","MARIS","18096048","N","Y",38.5938951,-90.2688217,2018,384
"MLS Listing",NA,"Single Family Residential","6802 Arthur Ave","St Louis","MO",63139,134900,2,2,"South City",1368,7536,1911,50,99,NA,"Active","","","http://www.redfin.com/MO/St-Louis/6802-Arthur-Ave-63139/home/93743465","MARIS","18089865","N","Y",38.6021221,-90.3061687,2018,385
"MLS Listing",NA,"Single Family Residential","7076 Lansdowne Ave","St Louis","MO",63109,134900,2,2,"South City",840,4443,1926,75,161,NA,"Active","","","http://www.redfin.com/MO/St-Louis/7076-Lansdowne-Ave-63109/home/93774097","MARIS","18084090","N","Y",38.5917255,-90.315496,2018,386
"MLS Listing",NA,"Single Family Residential","4967 Bonita Ave","St Louis","MO",63109,134900,4,2,"South City",1404,3615,1913,13,96,NA,"Active","","","http://www.redfin.com/MO/St-Louis/4967-Bonita-Ave-63109/home/93764585","MARIS","18095850","N","Y",38.5737483,-90.2869169,2018,387
"MLS Listing",NA,"Single Family Residential","4336 Hannover Ct","St Louis","MO",63123,134900,3,1,"Bayless",1080,6578,1952,91,125,NA,"Active","","","http://www.redfin.com/MO/St-Louis/4336-Hannover-Cts-63123/home/93557536","MARIS","18079470","N","Y",38.5555811,-90.2891355,2018,388
"MLS Listing",NA,"Single Family Residential","1116 Forest Ave","St Louis","MO",63139,134900,2,1,"Central East",1320,4182,1910,62,102,NA,"Active","","","http://www.redfin.com/MO/St-Louis/1116-Forest-Ave-63139/home/93759966","MARIS","18087816","N","Y",38.6300522,-90.3042101,2018,389
"MLS Listing",NA,"Single Family Residential","6423 Odell","St Louis","MO",63139,135000,3,1,"South City",874,8407,1920,112,154,NA,"Active","","","http://www.redfin.com/MO/St-Louis/6423-Odell-St-63139/home/93744970","MARIS","18074224","N","Y",38.6097038,-90.296965,2018,390
"MLS Listing",NA,"Multi-Family (2-4 Unit)","5417 Tennessee Ave","St Louis","MO",63111,135000,NA,NA,"South City",NA,4356,1927,46,NA,NA,"Active","","","http://www.redfin.com/MO/St-Louis/5417-Tennessee-Ave-63111/home/93708245","MARIS","18090762","N","Y",38.5695299,-90.252268,2018,391
"MLS Listing",NA,"Single Family Residential","4324 Washington","St Louis","MO",63108,135000,6,2,"Central West",2617,6098,1898,126,52,NA,"Active","","","http://www.redfin.com/MO/St-Louis/4324-Washington-63108/home/148031405","MARIS","18070931","N","Y",38.64688,-90.24969,2018,392
"MLS Listing",NA,"Single Family Residential","1415 Union Blvd","St Louis","MO",63113,135000,5,2,"North",2202,9060,1913,76,61,NA,"Active","","","http://www.redfin.com/MO/St-Louis/1415-Union-Blvd-63113/home/93721147","MARIS","18083693","N","Y",38.663939,-90.269968,2018,393
"MLS Listing",NA,"Single Family Residential","2223 Richert Pl","St Louis","MO",63143,135000,2,1,"South City",888,3572,1926,71,152,NA,"Active","","","http://www.redfin.com/MO/St-Louis/2223-Richert-Pl-63143/home/93741481","MARIS","18084908","N","Y",38.6175009,-90.310314,2018,394
"For-Sale-by-Owner Listing",NA,"Single Family Residential","48 Henrietta Pl","St. Louis","MO",63104,135000,3,3,"Saint Louis",2182,5863,1887,20,62,NA,"Active","","","http://www.redfin.com/MO/St-Louis/48-Henrietta-Pl-63104/home/93700490","Fizber.com","4992183","N","Y",38.6162533,-90.2272128,2018,395
"MLS Listing",NA,"Single Family Residential","2312 Texas Ave. Ave","St Louis","MO",63104,135000,2,2,"Central East",1772,3006,1886,133,76,NA,"Active","","","http://www.redfin.com/MO/St-Louis/2312-Texas-Ave-63104/home/93699894","MARIS","18066174","N","Y",38.6072683,-90.2234952,2018,396
"MLS Listing",NA,"Single Family Residential","4712 Oldenburg Ave","St Louis","MO",63123,135900,2,2,"Bayless",1043,7187,1913,11,130,NA,"Active","January-6-2019 2:00 PM","January-6-2019 4:00 PM","http://www.redfin.com/MO/St-Louis/4712-Oldenburg-Ave-63123/home/62749728","MARIS","18095846","N","Y",38.5582248,-90.2941181,2018,397
"MLS Listing",NA,"Single Family Residential","5644 Morganford Unit RE","St Louis","MO",63116,135900,4,3,"South City",2599,8538,1887,123,52,NA,"Active","","","http://www.redfin.com/MO/St-Louis/5644-Morganford-Rd-63116/unit-RE/home/93761974","MARIS","18071445","N","Y",38.5748729,-90.2692518,2018,398
"MLS Listing",NA,"Multi-Family (2-4 Unit)","3241 Delor","St Louis","MO",63111,136000,4,2,"South City",2294,3311,1925,63,59,NA,"Active","","","http://www.redfin.com/MO/St-Louis/3241-Delor-St-63111/home/93707137","MARIS","18087360","N","Y",38.5700394,-90.2435236,2018,399
"MLS Listing",NA,"Multi-Family (2-4 Unit)","4914 Loughborough Ave","St Louis","MO",63109,136900,2,1,"South City",2632,3703,1922,38,52,NA,"Active","","","http://www.redfin.com/MO/St-Louis/4914-Loughborough-Ave-63109/home/93765980","MARIS","18091717","N","Y",38.5702282,-90.2857811,2018,400
"MLS Listing",NA,"Single Family Residential","8721 New Hampshire","Affton","MO",63123,136900,2,1,"Affton",1126,15987,1944,97,122,NA,"Active","","","http://www.redfin.com/MO/Affton/8721-New-Hampshire-Ave-63123/home/62761536","MARIS","18076714","N","Y",38.5548189,-90.329381,2018,401
"MLS Listing",NA,"Single Family Residential","5918 Michigan Ave","St Louis","MO",63111,137500,2,2,"South City",1353,4095,1893,121,102,NA,"Active","","","http://www.redfin.com/MO/St-Louis/5918-Michigan-Ave-63111/home/93708987","MARIS","18070787","N","Y",38.5609277,-90.247025,2018,402
"MLS Listing",NA,"Single Family Residential","5128 Eichelberger","St Louis","MO",63109,139000,2,1,"South City",1161,4182,1924,84,120,NA,"Active","","","http://www.redfin.com/MO/St-Louis/5128-Eichelberger-St-63109/home/93769474","MARIS","18082113","N","Y",38.5811477,-90.2829335,2018,403
"MLS Listing",NA,"Single Family Residential","2827 Oregon Ave","St Louis","MO",63118,139000,0,NA,"Central East",2000,17903,1881,100,70,NA,"Active","","","http://www.redfin.com/MO/St-Louis/2827-Oregon-Ave-63118/home/93691841","MARIS","18076962","N","Y",38.603281,-90.229563,2018,404
"MLS Listing",NA,"Single Family Residential","3308 Commonwealth Ave","St Louis","MO",63143,139900,3,1,"South City",1383,4182,1902,160,101,NA,"Active","","","http://www.redfin.com/MO/St-Louis/3308-Commonwealth-Ave-63143/home/93751204","MARIS","18060777","N","Y",38.6060876,-90.3140913,2018,405
"MLS Listing",NA,"Multi-Family (2-4 Unit)","3692 Montana","St Louis","MO",63116,139900,8,4,"South City",3952,4095,1926,65,35,NA,"Active","","","http://www.redfin.com/MO/St-Louis/3692-Montana-St-63116/home/62773718","MARIS","18087071","N","Y",38.5834959,-90.248056,2018,406
"MLS Listing",NA,"Single Family Residential","8670 Pardee Rd","Crestwood","MO",63126,139900,3,1,"Lindbergh",1172,8276,1956,64,119,NA,"Active","","","http://www.redfin.com/MO/St-Louis/8670-Pardee-Ln-63126/home/93562165","MARIS","18080914","N","Y",38.559087,-90.3667902,2018,407
"MLS Listing",NA,"Condo/Co-op","2768 Mcknight Crossing Ct","St Louis","MO",63124,139900,1,1,"Webster Groves",705,3441,2007,20,198,200,"Active","","","http://www.redfin.com/MO/St-Louis/2768-Mcknight-Crossing-Ct-63124/unit-216/home/62720270","MARIS","18090980","N","Y",38.6143696,-90.3627328,2018,408
"MLS Listing",NA,"Single Family Residential","6042 Hancock Ave","St Louis","MO",63139,139900,2,1,"South City",840,4574,1953,43,167,NA,"Active","","","http://www.redfin.com/MO/St-Louis/6042-Hancock-Ave-63139/home/93748789","MARIS","18091271","N","Y",38.6001039,-90.2938336,2018,409
"MLS Listing",NA,"Vacant Land","748 E Swon Ave","Webster Groves","MO",63119,139900,NA,NA,"Webster Groves",NA,8999,NA,134,NA,NA,"Active","","","http://www.redfin.com/MO/Webster-Groves/748-E-Swon-Ave-63119/home/93525014","MARIS","18067349","N","Y",38.5857407,-90.3371521,2018,410
"MLS Listing",NA,"Multi-Family (2-4 Unit)","3922 Mcdonald Ave","St Louis","MO",63116,139900,4,2,"South City",2496,4922,1924,77,56,NA,"Active","","","http://www.redfin.com/MO/St-Louis/3922-McDonald-Ave-63116/home/93729244","MARIS","18083644","N","Y",38.5967996,-90.251498,2018,411
"MLS Listing",NA,"Single Family Residential","5016 Tennessee Ave","St Louis","MO",63111,139900,3,2,"South City",1599,4225,1923,8,87,NA,"Active","","","http://www.redfin.com/MO/St-Louis/5016-Tennessee-Ave-63111/home/93707516","MARIS","18095760","N","Y",38.5717997,-90.249756,2018,412
"MLS Listing",NA,"Single Family Residential","8666 Pardee Ln","Crestwood","MO",63126,139900,3,2,"Lindbergh",1081,9148,1960,64,129,NA,"Active","","","http://www.redfin.com/MO/St-Louis/8666-Pardee-Ln-63126/home/93562167","MARIS","18080750","N","Y",38.559236,-90.366889,2018,413
"MLS Listing",NA,"Condo/Co-op","4466 W Pine Unit 4G","St Louis","MO",63108,139900,1,1,"Central West",850,NA,1963,65,165,355,"Active","","","http://www.redfin.com/MO/St-Louis/4466-W-Pine-Blvd-63108/unit-4G/home/62747946","MARIS","18087046","N","Y",38.6404121,-90.2570765,2018,414
"MLS Listing",NA,"Single Family Residential","4201 Beethoven Ave","St Louis","MO",63116,139900,4,3,"South City",1800,3790,1906,50,78,NA,"Active","","","http://www.redfin.com/MO/St-Louis/4201-Beethoven-Ave-63116/home/93758116","MARIS","18090093","N","Y",38.5868524,-90.2630862,2018,415
"MLS Listing",NA,"Single Family Residential","3732 Blow","St Louis","MO",63116,139900,2,1,"South City",1513,6882,1900,90,92,NA,"Active","","","http://www.redfin.com/MO/St-Louis/3732-Blow-St-63116/home/93711941","MARIS","18080455","N","Y",38.558863,-90.2677802,2018,416
"MLS Listing",NA,"Single Family Residential","4142 Haven","St Louis","MO",63116,139900,2,1,"South City",1056,3790,1938,3,132,NA,"Active","","","http://www.redfin.com/MO/St-Louis/6625-Morganford-Rd-63116/home/93771800","MARIS","18096547","N","Y",38.5676774,-90.2760111,2018,417
"MLS Listing",NA,"Single Family Residential","9115 Rambler","St Louis","MO",63123,139900,2,1,"Affton",1046,NA,1940,115,134,NA,"Active","","","http://www.redfin.com/MO/Affton/9115-Rambler-Dr-63123/home/93572990","MARIS","18064946","N","Y",38.55154,-90.322622,2018,418
"MLS Listing",NA,"Single Family Residential","5120 Lode Ave","St Louis","MO",63123,139900,3,2,"Bayless",840,3615,1968,120,167,NA,"Active","","","http://www.redfin.com/MO/Affton/5120-Lode-Ave-63123/home/69079789","MARIS","18072170","N","Y",38.5600706,-90.3074918,2018,419
"MLS Listing",NA,"Single Family Residential","7517 Ellis Ave","Maplewood","MO",63143,140000,4,2,"Maplewood-Rchmnd Hts",1512,5881,1912,202,93,NA,"Active","","","http://www.redfin.com/MO/Maplewood/7517-Ellis-Ave-63143/home/93497064","MARIS","18045253","N","Y",38.611948,-90.3238159,2018,420
"MLS Listing",NA,"Single Family Residential","2725 Macklind Ave","St Louis","MO",63139,140000,2,2,"South City",950,2919,1902,34,147,NA,"Active","","","http://www.redfin.com/MO/St-Louis/2725-Macklind-Ave-63139/home/93727293","MARIS","18091997","N","Y",38.609137,-90.2788936,2018,421
"MLS Listing",NA,"Multi-Family (2-4 Unit)","3173 Minnesota Ave","St Louis","MO",63118,140000,4,4,"Central East",2970,4966,1925,15,47,NA,"Active","","","http://www.redfin.com/MO/St-Louis/3173-Minnesota-Ave-63118/home/93693199","MARIS","18094896","N","Y",38.5987917,-90.2339204,2018,422
"For-Sale-by-Owner Listing",NA,"Condo/Co-op","3832 Shaw Blvd","St. Louis","MO",63110,141500,2,2,"Saint Louis",1255,NA,1914,209,113,NA,"Active","","","http://www.redfin.com/MO/St-Louis/3832-Shaw-Blvd-63110/unit-B/home/93786112","Fizber.com","4965862","N","Y",38.615238,-90.243986,2018,423
"MLS Listing",NA,"Single Family Residential","5649 Devonshire Ave","St Louis","MO",63109,142000,3,1,"South City",1239,3528,1925,49,115,NA,"Active","","","http://www.redfin.com/MO/St-Louis/5649-Devonshire-Ave-63109/home/93753138","MARIS","18067526","N","Y",38.5885936,-90.2898328,2018,424
"MLS Listing",NA,"Single Family Residential","6531 Mitchell Ave","St Louis","MO",63139,142000,2,2,"South City",782,2570,1900,97,182,NA,"Active","","","http://www.redfin.com/MO/St-Louis/6531-Mitchell-Ave-63139/home/93740947","MARIS","18076512","N","Y",38.6219492,-90.2982477,2018,425
"MLS Listing",NA,"Vacant Land","4261 Westminster Pl","St Louis","MO",63108,142500,NA,NA,"Central West",NA,9670,NA,171,NA,NA,"Active","","","http://www.redfin.com/MO/St-Louis/4261-Westminster-Pl-63108/home/62775287","MARIS","18057078","N","Y",38.64454,-90.2486629,2018,426
"MLS Listing",NA,"Single Family Residential","7420 Ray Ave","St Louis","MO",63116,144900,3,2,"South City",816,4225,1955,48,178,NA,"Active","","","http://www.redfin.com/MO/St-Louis/7420-Ray-Ave-63116/home/93784885","MARIS","18090652","N","Y",38.5596726,-90.2796381,2018,427
"MLS Listing",NA,"Single Family Residential","5530 Columbia Ave","St Louis","MO",63139,145000,2,1,"South City",882,5184,1926,72,164,NA,"Active","","","http://www.redfin.com/MO/St-Louis/5530-Columbia-Ave-63139/home/93727282","MARIS","18084652","N","Y",38.6114405,-90.2813577,2018,428
"MLS Listing",NA,"Single Family Residential","4985 Nagel Ave","St Louis","MO",63109,145000,2,2,"South City",1350,3637,1925,61,107,NA,"Active","","","http://www.redfin.com/MO/St-Louis/4985-Nagel-Ave-63109/home/93758292","MARIS","18087817","N","Y",38.5698473,-90.2896293,2018,429
"MLS Listing",NA,"Single Family Residential","5531 Devonshire Ave","St Louis","MO",63109,145000,2,1,"South City",1080,4025,1923,36,134,NA,"Active","","","http://www.redfin.com/MO/St-Louis/5531-Devonshire-Ave-63109/home/93753046","MARIS","18092055","N","Y",38.588336,-90.2866758,2018,430
"MLS Listing",NA,"Single Family Residential","5463 Itaska St","St Louis","MO",63109,147000,2,1,"South City",896,3659,1912,44,164,NA,"Active","","","http://www.redfin.com/MO/St-Louis/5463-Itaska-St-63109/home/93765294","MARIS","18078820","N","Y",38.584757,-90.28695,2018,431
"MLS Listing",NA,"Single Family Residential","3172 Carrsville Ct","St Louis","MO",63139,147000,2,2,"South City",1173,1133,1988,102,125,200,"Active","","","http://www.redfin.com/MO/St-Louis/3172-Carrsville-Ct-63139/home/93766073","MARIS","18076265","N","Y",38.60436,-90.286938,2018,432
"MLS Listing",NA,"Single Family Residential","4564 Adkins Ave","St Louis","MO",63116,147500,3,2,"South City",1790,3833,1908,76,82,NA,"Active","","","http://www.redfin.com/MO/St-Louis/4564-Adkins-Ave-63116/home/62744872","MARIS","18083982","N","Y",38.5830016,-90.2615091,2018,433
"MLS Listing",NA,"Condo/Co-op","5376 N Kenrick Parke #303","St Louis","MO",63119,147500,2,2,"Affton",1224,3223,1984,76,121,348,"Active","","","http://www.redfin.com/MO/St-Louis/5376-Kenrick-Parke-Dr-63119/unit-303/home/93523333","MARIS","18083956","N","Y",38.5822027,-90.3330835,2018,434
"MLS Listing",NA,"Single Family Residential","7323 Shaftesbury Ave","St Louis","MO",63130,147900,3,2,"University City",1232,6708,1926,35,120,NA,"Active","","","http://www.redfin.com/MO/University-City/7323-Shaftesbury-Ave-63130/home/93457267","MARIS","18091996","N","Y",38.665997,-90.325864,2018,435
"MLS Listing",NA,"Condo/Co-op","4466 W Pine Blvd Unit 3G","St Louis","MO",63108,147900,1,1,"Central West",850,NA,1963,622,174,346,"Active","","","http://www.redfin.com/MO/St-Louis/4466-W-Pine-Blvd-63108/unit-3G/home/93725058","MARIS","17028903","N","Y",38.6404121,-90.2570765,2018,436
"MLS Listing",NA,"Single Family Residential","3448 Grace Ave","St Louis","MO",63116,148770,2,2,"South City",1948,3964,1900,13,76,NA,"Active","","","http://www.redfin.com/MO/St-Louis/3448-Grace-Ave-63116/home/93695514","MARIS","18095843","N","Y",38.5947952,-90.2445412,2018,437
"MLS Listing",NA,"Single Family Residential","4502 Seibert Ave","St Louis","MO",63123,149000,4,2,"Bayless",1971,9365,1914,170,76,NA,"Active","","","http://www.redfin.com/MO/St-Louis/4502-Seibert-Ave-63123/home/93557072","MARIS","18057280","N","Y",38.553139,-90.2926617,2018,438
"MLS Listing",NA,"Single Family Residential","7206 Field Ave","St Louis","MO",63116,149000,2,1,"South City",1044,5358,1949,28,143,NA,"Active","","","http://www.redfin.com/MO/St-Louis/7206-Field-Ave-63116/home/62689226","MARIS","18091168","N","Y",38.5586265,-90.2693111,2018,439
"MLS Listing",NA,"Condo/Co-op","869 Lionsgate","St Louis","MO",63130,149000,2,2,"University City",1230,2919,1979,83,121,262,"Active","","","http://www.redfin.com/MO/St-Louis/869-Lionsgate-Dr-63130/unit-A/home/93460301","MARIS","18081822","N","Y",38.6638518,-90.3375449,2018,440
"MLS Listing",NA,"Single Family Residential","4040 Miami St","St Louis","MO",63116,149000,2,2,"South City",1800,3842,1926,64,83,NA,"Active","","","http://www.redfin.com/MO/St-Louis/4040-Miami-St-63116/home/62699049","MARIS","18071618","N","Y",38.5929985,-90.2555865,2018,441
"MLS Listing",NA,"Condo/Co-op","1700 Missouri Ave","St Louis","MO",63104,149000,2,1,"Central East",1205,NA,1881,70,124,234,"Active","","","http://www.redfin.com/MO/St-Louis/1700-Missouri-Ave-63104/unit-1700/home/72138598","MARIS","18086303","N","Y",38.614265,-90.218928,2018,442
"MLS Listing",NA,"Single Family Residential","9423 Sterling","St Louis","MO",63123,149900,2,1,"Affton",1100,5184,1929,86,136,NA,"Active","","","http://www.redfin.com/MO/Affton/9423-Sterling-Pl-63123/home/93558245","MARIS","18081422","N","Y",38.5526849,-90.3210919,2018,443
"MLS Listing",NA,"Single Family Residential","5414 Michigan Ave","St Louis","MO",63111,149900,4,2,"South City",2018,3746,1913,147,74,NA,"Active","","","http://www.redfin.com/MO/St-Louis/5414-Michigan-Ave-63111/home/93708232","MARIS","18064449","N","Y",38.564691,-90.243739,2018,444
"MLS Listing",NA,"Single Family Residential","5040 Parker Ave","St Louis","MO",63139,149900,3,1,"South City",925,4661,1941,153,162,NA,"Active","","","http://www.redfin.com/MO/St-Louis/5040-Parker-Ave-63139/home/62698145","MARIS","18063158","N","Y",38.5992884,-90.2767682,2018,445
"MLS Listing",NA,"Single Family Residential","1106 Forest Ave","St Louis","MO",63139,149900,3,1,"South City",1278,4138,1906,132,117,NA,"Active","","","http://www.redfin.com/MO/St-Louis/1106-Forest-Ave-63139/home/93759976","MARIS","18066987","N","Y",38.630266,-90.304042,2018,446
"MLS Listing",NA,"Single Family Residential","3662 Primm St","St Louis","MO",63125,149900,4,2,"South City",1366,6839,1964,22,110,NA,"Active","","","http://www.redfin.com/MO/St-Louis/3662-Primm-St-63125/home/93712190","MARIS","18094211","N","Y",38.5522842,-90.2725234,2018,447
"MLS Listing",NA,"Single Family Residential","6560 Villa Ave","St Louis","MO",63139,149900,2,1,"South City",725,3485,1948,43,207,NA,"Active","","","http://www.redfin.com/MO/St-Louis/6560-Villa-Ave-63139/home/93740701","MARIS","18091336","N","Y",38.6253389,-90.2987525,2018,448
"MLS Listing",NA,"Condo/Co-op","5376 N Kenrick Parke Dr #304","St Louis","MO",63119,149900,2,2,"Affton",1122,2788,1984,66,134,306,"Active","","","http://www.redfin.com/MO/St-Louis/5376-Kenrick-Parke-Dr-63119/unit-304/home/93523334","MARIS","18084487","N","Y",38.5822027,-90.3330835,2018,449
"MLS Listing",NA,"Single Family Residential","3761 Itaska St","St Louis","MO",63116,149900,3,2,"South City",1040,4378,1960,28,144,NA,"Active","","","http://www.redfin.com/MO/St-Louis/3761-Itaska-St-63116/home/93742463","MARIS","18093608","N","Y",38.577133,-90.252926,2018,450
"MLS Listing",NA,"Single Family Residential","5457 Itaska St","St Louis","MO",63109,149900,2,1,"South City",800,3877,1911,59,187,NA,"Active","","","http://www.redfin.com/MO/St-Louis/5457-Itaska-St-63109/home/93765292","MARIS","18088087","N","Y",38.5846612,-90.2867192,2018,451
"MLS Listing",NA,"Single Family Residential","3919 Castleman Ave","St Louis","MO",63110,149900,6,3,"South City",2390,NA,1904,156,63,NA,"Active","","","http://www.redfin.com/MO/St-Louis/3919-Castleman-Ave-63110/home/93747632","MARIS","18061965","N","Y",38.6150515,-90.2461792,2018,452
"MLS Listing",NA,"Condo/Co-op","1270 Strassner Dr #3112","Brentwood","MO",63144,149900,1,1,"Brentwood",758,588,2008,108,198,234,"Active","","","http://www.redfin.com/MO/St-Louis/1270-Strassner-Dr-63144/unit-3112/home/93329002","MARIS","18074867","N","Y",38.622371,-90.3359274,2018,453
"For-Sale-by-Owner Listing",NA,"Single Family Residential","4061 Miami St","St. Louis","MO",63116,149900,2,1,"Saint Louis",1080,3179,1926,300,139,NA,"Active","","","http://www.redfin.com/MO/St-Louis/4061-Miami-St-63116/home/93728779","Fizber.com","4953116","N","Y",38.5933921,-90.2561578,2018,454
"MLS Listing",NA,"Vacant Land","555 E Jackson Rd","Webster Groves","MO",63119,149900,NA,NA,"Webster Groves",NA,7501,NA,6,NA,NA,"Active","","","http://www.redfin.com/MO/Webster-Groves/555-E-Jackson-Rd-63119/home/93524999","MARIS","18096345","N","Y",38.583203,-90.3435049,2018,455
"MLS Listing",NA,"Single Family Residential","4614 Dahlia Ave","St Louis","MO",63116,149900,3,1,"South City",1188,4879,1915,43,126,NA,"Active","","","http://www.redfin.com/MO/St-Louis/4614-Dahlia-Ave-63116/home/93759137","MARIS","18091013","N","Y",38.5768809,-90.2766339,2018,456
"MLS Listing",NA,"Multi-Family (5+ Unit)","4701 Nebraska Ave","St Louis","MO",63111,149999,NA,NA,"South City",NA,6621,1897,64,NA,NA,"Active","","","http://www.redfin.com/MO/St-Louis/4701-Nebraska-Ave-63111/home/93707020","MARIS","18087372","N","Y",38.5707481,-90.2373762,2018,457
"MLS Listing",NA,"Single Family Residential","1503 Cutter Ave","St Louis","MO",63139,150000,3,2,"South City",1127,3528,1931,58,133,NA,"Active","","","http://www.redfin.com/MO/St-Louis/1503-Cutter-Ave-63139/home/93672436","MARIS","18086485","N","Y",38.624956,-90.3062001,2018,458
"MLS Listing",NA,"Multi-Family (2-4 Unit)","3530 Humphrey St","St Louis","MO",63118,150000,5,2.5,"Central East",2860,4356,1905,1,52,NA,"Active","","","http://www.redfin.com/MO/St-Louis/3530-Humphrey-St-63118/home/93693347","MARIS","19000019","N","Y",38.597868,-90.242129,2018,459
"MLS Listing",NA,"Single Family Residential","5519 Rhodes Ave","St Louis","MO",63109,150000,3,1,"South City",1196,4487,1930,66,125,NA,"Active","","","http://www.redfin.com/MO/St-Louis/5519-Rhodes-Ave-63109/home/93771290","MARIS","18086423","N","Y",38.5787309,-90.288797,2018,460
"MLS Listing",NA,"Condo/Co-op","4355 Maryland Ave #404","St Louis","MO",63108,150000,2,2,"Central West",1340,NA,1967,142,112,482,"Active","","","http://www.redfin.com/MO/St-Louis/4355-Maryland-Ave-63108/unit-404/home/93725618","MARIS","18064806","N","Y",38.6429188,-90.2520925,2018,461
"MLS Listing",NA,"Multi-Family (2-4 Unit)","3466 S Spring Ave","St Louis","MO",63116,150000,4,4,"South City",NA,6447,1905,97,NA,NA,"Active","","","http://www.redfin.com/MO/St-Louis/3466-S-Spring-Ave-63116/home/93730382","MARIS","18078987","N","Y",38.5944719,-90.2471716,2018,462
"MLS Listing",NA,"Condo/Co-op","701 S Skinker #405","St Louis","MO",63105,150000,1,1,"Central West",757,NA,1927,47,198,461,"Active","","","http://www.redfin.com/MO/St-Louis/701-S-Skinker-Blvd-63105/unit-405/home/93773883","MARIS","18090727","N","Y",38.6368579,-90.3051,2018,463
"MLS Listing",NA,"Single Family Residential","6717 Bradley Ave","St Louis","MO",63139,150000,3,1,"South City",1212,7841,1925,58,124,NA,"Active","","","http://www.redfin.com/MO/St-Louis/6717-Bradley-Ave-63139/home/93741900","MARIS","18088668","N","Y",38.6048318,-90.3045165,2018,464
"MLS Listing",NA,"Single Family Residential","3329 Michigan","St Louis","MO",63118,152000,3,2,"Central East",2408,NA,1904,121,63,NA,"Active","","","http://www.redfin.com/MO/St-Louis/3329-Michigan-Ave-63118/home/93693544","MARIS","18071962","N","Y",38.5955311,-90.2358255,2018,465
"MLS Listing",NA,"Single Family Residential","7418 Murdoch Ave","St Louis","MO",63119,153900,2,2,"Webster Groves",819,6752,1940,40,188,NA,"Active","","","http://www.redfin.com/MO/St-Louis/7418-Murdoch-Ave-63119/home/93524321","MARIS","18091142","N","Y",38.5907124,-90.3265226,2018,466
"MLS Listing",NA,"Single Family Residential","8832 Powell Ave","St Louis","MO",63144,154500,3,1,"Brentwood",1016,7667,1922,30,152,NA,"Active","","","http://www.redfin.com/MO/Brentwood/8832-Powell-Ave-63144/home/93498571","MARIS","18092845","N","Y",38.6130639,-90.3509529,2018,467
"MLS Listing",NA,"Single Family Residential","6435 Wanda Ave","St Louis","MO",63116,154900,2,1,"South City",1104,3703,1925,32,140,NA,"Active","","","http://www.redfin.com/MO/St-Louis/6435-Wanda-Ave-63116/home/93770737","MARIS","18092645","N","Y",38.570228,-90.2770101,2018,468
"MLS Listing",NA,"Single Family Residential","5632 Holly Hills Ave","St Louis","MO",63109,154900,2,1,"South City",960,5184,1926,78,161,NA,"Active","","","http://www.redfin.com/MO/St-Louis/5632-Holly-Hills-Ave-63109/home/93777485","MARIS","18082906","N","Y",38.5775,-90.29132,2018,469
"MLS Listing",NA,"Condo/Co-op","1622 Redbird","Brentwood","MO",63144,154900,2,1,"Brentwood",945,2831,1951,43,164,187,"Active","","","http://www.redfin.com/MO/Brentwood/1622-Redbird-Cv-63144/home/93488685","MARIS","18091123","N","Y",38.6271568,-90.3536329,2018,470
"MLS Listing",NA,"Single Family Residential","6931 Heege","St Louis","MO",63123,155000,4,1,"Affton",1602,9540,1954,152,97,NA,"Active","","","http://www.redfin.com/MO/St-Louis/6931-Heege-Rd-63123/home/93541574","MARIS","18063220","N","Y",38.5673144,-90.3347086,2018,471
"MLS Listing",NA,"Condo/Co-op","4228 Mcpherson Ave #312","St Louis","MO",63108,155000,2,2,"Central West",1039,NA,1928,93,149,190,"Active","","","http://www.redfin.com/MO/St-Louis/4228-McPherson-Ave-63108/unit-312/home/93680838","MARIS","18079538","N","Y",38.6426541,-90.248204,2018,472
"MLS Listing",NA,"Single Family Residential","5444 Murdoch Ave","St Louis","MO",63109,155000,2,2,"South City",1162,3833,NA,2,133,NA,"Active","January-6-2019 1:00 PM","January-6-2019 3:00 PM","http://www.redfin.com/MO/St-Louis/5444-Murdoch-Ave-63109/home/93753413","MARIS","18096180","N","Y",38.586841,-90.285956,2018,473
"MLS Listing",NA,"Single Family Residential","2010 Oregon Ave","St Louis","MO",63104,155000,3,2,"Central East",2180,3441,1890,55,71,NA,"Active","","","http://www.redfin.com/MO/St-Louis/2010-Oregon-Ave-63104/home/93690058","MARIS","18088353","N","Y",38.6124371,-90.2270229,2018,474
"MLS Listing",NA,"Single Family Residential","5217 Nagel Ave","St Louis","MO",63109,155000,2,1,"South City",1000,3572,1928,70,155,NA,"Active","","","http://www.redfin.com/MO/St-Louis/5217-Nagel-Ave-63109/home/93758206","MARIS","18084983","N","Y",38.5702601,-90.29041,2018,475
"MLS Listing",NA,"Condo/Co-op","1512 E Swan","St Louis","MO",63144,155900,2,1,"Brentwood",884,2831,1950,23,176,193,"Active","","","http://www.redfin.com/MO/Brentwood/1512-E-Swan-Cir-63144/home/93489293","MARIS","18093445","N","Y",38.627885,-90.350125,2018,476
"MLS Listing",NA,"Single Family Residential","4940 Quincy St","St Louis","MO",63109,155900,3,2,"South City",1304,4095,1890,76,120,NA,"Active","","","http://www.redfin.com/MO/St-Louis/4940-Quincy-St-63109/home/62748167","MARIS","18083916","N","Y",38.5698977,-90.2870253,2018,477
"MLS Listing",NA,"Multi-Family (2-4 Unit)","1959 Withnell Ave","St Louis","MO",63118,157000,1,NA,"Central East",2100,4574,1895,1,75,NA,"Active","","","http://www.redfin.com/MO/St-Louis/1959-Withnell-Ave-63118/home/93694163","MARIS","18094610","N","Y",38.5955532,-90.220206,2018,478
"For-Sale-by-Owner Listing",NA,"Single Family Residential","3616 Holt Ave","St. Louis","MO",63116,157400,3,1,"Saint Louis",974,4633,1939,173,162,NA,"Active","","","http://www.redfin.com/MO/St-Louis/3616-Holt-Ave-63116/home/93765699","Fizber.com","4971067","N","Y",38.591938,-90.2577776,2018,479
"MLS Listing",NA,"Condo/Co-op","4220 Mcpherson #102","St Louis","MO",63108,157500,2,2,"Central West",904,NA,1928,90,174,190,"Active","","","http://www.redfin.com/MO/St-Louis/4220-McPherson-Ave-63108/unit-102/home/62752792","MARIS","18080548","N","Y",38.6425777,-90.248028,2018,480
"For-Sale-by-Owner Listing",NA,"Single Family Residential","407 S Laclede Station Rd","Webster Groves","MO",63119,157500,2,2,"Saint Louis",840,7314,1950,145,188,NA,"Active","","","http://www.redfin.com/MO/Webster-Groves/407-S-Laclede-Station-Rd-63119/home/93525261","Fizber.com","4975383","N","Y",38.582143,-90.337847,2018,481
"MLS Listing",NA,"Condo/Co-op","1618 E Swan","Brentwood","MO",63144,158900,2,1,"Brentwood",1040,3093,1986,6,153,214,"Active","","","http://www.redfin.com/MO/St-Louis/1618-E-Swan-Cir-63144/home/93489445","MARIS","18096243","N","Y",38.62605,-90.3490761,2018,482
"MLS Listing",NA,"Single Family Residential","7517 Rannells Ave","St Louis","MO",63143,159000,4,1,"Maplewood-Rchmnd Hts",1361,7405,1934,2,117,NA,"Active","January-6-2019 1:00 PM","January-6-2019 3:00 PM","http://www.redfin.com/MO/Maplewood/7517-Rannells-Ave-63143/home/93497485","MARIS","18095973","N","Y",38.6168701,-90.3243113,2018,483
"MLS Listing",NA,"Condo/Co-op","3438 Russell Blvd #303","St Louis","MO",63104,159000,3,2,"Central East",1650,NA,1927,28,96,758,"Active","","","http://www.redfin.com/MO/St-Louis/3438-Russell-Blvd-63104/unit-303/home/93690987","MARIS","18093611","N","Y",38.6128182,-90.2363252,2018,484
"MLS Listing",NA,"Condo/Co-op","1608 Oriole Ln","St Louis","MO",63144,159000,2,1,"Brentwood",878,2831,1950,50,181,187,"Active","","","http://www.redfin.com/MO/St-Louis/1608-Oriole-Ln-63144/home/93489052","MARIS","18089824","N","Y",38.6268475,-90.3528132,2018,485
"MLS Listing",NA,"Single Family Residential","6300 Juniata St","St Louis","MO",63139,159900,3,2,"South City",924,5663,1928,97,173,NA,"Active","","","http://www.redfin.com/MO/St-Louis/6300-Juniata-St-63139/home/62735992","MARIS","18078619","N","Y",38.6065369,-90.2949348,2018,486
"MLS Listing",NA,"Multi-Family (2-4 Unit)","5847 Goener Ave","St Louis","MO",63116,159900,4,6.5,"South City",2250,2788,1926,38,71,NA,"Active","","","http://www.redfin.com/MO/St-Louis/5847-Goener-Ave-63116/home/93777219","MARIS","18091719","N","Y",38.5756974,-90.2753395,2018,487
"MLS Listing",NA,"Single Family Residential","5204 Cabanne Ave","St Louis","MO",63113,159900,5,4,"North",1688,3790,1901,225,95,NA,"Active","","","http://www.redfin.com/MO/St-Louis/5204-Cabanne-Ave-63113/home/93745396","MARIS","18039953","N","Y",38.656621,-90.270317,2018,488
"MLS Listing",NA,"Single Family Residential","4125 Miami","St Louis","MO",63116,159900,3,1,"South City",1312,3441,1931,2,122,NA,"Active","","","http://www.redfin.com/MO/St-Louis/4125-Miami-St-63116/home/62712295","MARIS","19000029","N","Y",38.5935585,-90.2576088,2018,489
"MLS Listing",NA,"Multi-Family (5+ Unit)","7004 Pennsylvania Ave","St Louis","MO",63111,159900,NA,NA,"South City",NA,7579,1892,114,NA,NA,"Active","","","http://www.redfin.com/MO/St-Louis/7004-Pennsylvania-Ave-63111/home/93710119","MARIS","18071722","N","Y",38.5520931,-90.2540647,2018,490
"MLS Listing",NA,"Multi-Family (2-4 Unit)","2736 S 59th St","St Louis","MO",63139,159900,2,2,"South City",1738,4879,1902,21,92,NA,"Active","","","http://www.redfin.com/MO/St-Louis/2736-59th-St-63139/home/93726757","MARIS","18092904","N","Y",38.6091757,-90.2864636,2018,491
"MLS Listing",NA,"Condo/Co-op","1503 High School Dr","St Louis","MO",63144,159900,2,1,"Brentwood",999,3093,1950,6,160,214,"Active","","","http://www.redfin.com/MO/Brentwood/1503-High-School-Dr-63144/home/93488962","MARIS","18095992","N","Y",38.6276861,-90.3518772,2018,492
"MLS Listing",NA,"Vacant Land","10243 E Watson Rd","St Louis","MO",63127,159900,NA,NA,"Lindbergh",NA,20909,NA,131,NA,NA,"Active","","","http://www.redfin.com/MO/St-Louis/10243-E-Watson-Rd-63127/home/143615462","MARIS","18056283","N","Y",38.5516817,-90.3996845,2018,493
"MLS Listing",NA,"Condo/Co-op","6102 Washington Blvd #301","St Louis","MO",63112,159900,2,2,"Central West",1052,NA,1910,2,152,232,"Active","","","http://www.redfin.com/MO/St-Louis/6102-Washington-Blvd-63112/unit-301/home/93679356","MARIS","18096497","N","Y",38.653984,-90.296833,2018,494
"MLS Listing",NA,"Condo/Co-op","7569 Buckingham Dr #7","St Louis","MO",63105,159995,1,1,"Clayton",610,828,2005,167,262,185,"Active","","","http://www.redfin.com/MO/St-Louis/7569-Buckingham-Dr-63105/unit-7/home/93304306","MARIS","18057867","N","Y",38.640856,-90.3330094,2018,495
"MLS Listing",NA,"Single Family Residential","3653 Illinois Ave","St Louis","MO",63118,160000,2,2,"Central East",1520,1873,1896,29,105,NA,"Active","","","http://www.redfin.com/MO/St-Louis/3653-Illinois-Ave-63118/home/93696763","MARIS","18092702","N","Y",38.5878265,-90.2233029,2018,496
"MLS Listing",NA,"Condo/Co-op","5635 Waterman #21","St Louis","MO",63112,160000,3,2,"Central West",1200,NA,1915,164,133,479,"Active","","","http://www.redfin.com/MO/St-Louis/5635-Waterman-Blvd-63112/unit-21/home/93673641","MARIS","18059306","N","Y",38.650104,-90.283214,2018,497
"MLS Listing",NA,"Condo/Co-op","4440 Lindell Blvd #1004","St Louis","MO",63108,162500,2,1,"Central West",1406,NA,1912,352,116,662,"Active","","","http://www.redfin.com/MO/St-Louis/4440-Lindell-Blvd-63108/unit-1004/home/93724479","MARIS","18002802","N","Y",38.6414994,-90.2556994,2018,498
"MLS Listing",NA,"Single Family Residential","7029 Mardel Ave","St Louis","MO",63109,162900,3,2,"South City",1410,6020,1926,97,116,NA,"Active","","","http://www.redfin.com/MO/St-Louis/7029-Mardel-Ave-63109/home/93747924","MARIS","18061053","N","Y",38.59694,-90.3129786,2018,499
"MLS Listing",NA,"Single Family Residential","5787 Kingsbury","St Louis","MO",63112,163200,3,3,"Central West",NA,1786,1997,472,NA,NA,"Active","","","http://www.redfin.com/MO/St-Louis/5787-Kingsbury-Pl-63112/home/93767246","MARIS","17074514","N","Y",38.652153,-90.2888614,2018,500
"For-Sale-by-Owner Listing",NA,"Single Family Residential","7232 Nottingham Ave","St. Louis","MO",63119,164000,3,1,"Saint Louis",1326,9225,1924,34,124,NA,"Active","","","http://www.redfin.com/MO/St-Louis/7232-Nottingham-Ave-63119/home/93524589","Fizber.com","4990012","N","Y",38.5894129,-90.3216298,2018,501
"MLS Listing",NA,"Single Family Residential","5124 Kingwood Dr","St Louis","MO",63123,164900,3,1,"South City",1681,9322,1950,64,98,NA,"Active","","","http://www.redfin.com/MO/St-Louis/5124-Kingwood-Dr-63123/home/62696073","MARIS","18087320","N","Y",38.584063,-90.313556,2018,502
"MLS Listing",NA,"Multi-Family (2-4 Unit)","3463 Grace Ave","St Louis","MO",63116,164900,4,2,"South City",2394,5619,1910,84,69,NA,"Active","","","http://www.redfin.com/MO/St-Louis/3463-Grace-Ave-63116/home/93695520","MARIS","18081674","N","Y",38.5944034,-90.245149,2018,503
"MLS Listing",NA,"Single Family Residential","233 Lithia Ave","St Louis","MO",63119,164900,3,1,"Webster Groves",1054,10498,1953,27,156,NA,"Active","","","http://www.redfin.com/MO/St-Louis/233-Lithia-Ave-63119/home/93511990","MARIS","18093692","N","Y",38.6042618,-90.361063,2018,504
"MLS Listing",NA,"Condo/Co-op","8859 Flamingo Ct","Brentwood","MO",63144,164900,2,1,"Brentwood",916,2827,1950,55,180,178,"Active","","","http://www.redfin.com/MO/St-Louis/8859-Flamingo-Ct-63144/home/93489637","MARIS","18089309","N","Y",38.6287771,-90.3501226,2018,505
"MLS Listing",NA,"Single Family Residential","270 Lucille Ave","Webster Groves","MO",63119,165000,3,2,"Webster Groves",1585,14375,1928,171,104,NA,"Active","","","http://www.redfin.com/MO/Webster-Groves/270-Lucille-Ave-63119/home/93543732","MARIS","18045529","N","Y",38.5782939,-90.3660272,2018,506
"MLS Listing",NA,"Single Family Residential","2657 Accomac","St Louis","MO",63104,165000,3,3,"Central East",2108,3049,1912,366,78,NA,"Active","","","http://www.redfin.com/MO/St-Louis/2657-Accomac-St-63104/home/92735728","MARIS","18000353","N","Y",38.6097672,-90.2242647,2018,507
"MLS Listing",NA,"Single Family Residential","5011 Lindenwood Ave","St Louis","MO",63109,165000,3,2,"South City",1461,4748,1928,118,113,NA,"Active","","","http://www.redfin.com/MO/St-Louis/5011-Lindenwood-Ave-63109/home/93776237","MARIS","18072678","N","Y",38.5926412,-90.2767898,2018,508
"MLS Listing",NA,"Single Family Residential","4052 Avenue F","St Louis","MO",63123,165900,4,2,"Bayless",1040,6011,1956,129,160,NA,"Active","","","http://www.redfin.com/MO/St-Louis/4052-Ave-F-63123/home/65986169","MARIS","18069171","N","Y",38.5515703,-90.2852454,2018,509
"MLS Listing",NA,"Single Family Residential","805 Manitou Dr","St Louis","MO",63119,165900,3,1,"Webster Groves",960,7588,1955,52,173,NA,"Active","","","http://www.redfin.com/MO/St-Louis/805-Manitou-Dr-63119/home/93511494","MARIS","18089225","N","Y",38.6036494,-90.3733826,2018,510
"MLS Listing",NA,"Condo/Co-op","4228 Mcpherson Ave #112","St Louis","MO",63108,166500,2,2,"Central West",1100,NA,1928,77,151,190,"Active","January-12-2019 12:00 PM","January-12-2019 2:00 PM","http://www.redfin.com/MO/St-Louis/4228-McPherson-Ave-63108/unit-112/home/93786195","MARIS","18083335","N","Y",38.6426541,-90.248204,2018,511
"MLS Listing",NA,"Single Family Residential","2802 Hilldale","Brentwood","MO",63144,166900,3,1,"Brentwood",1190,10149,1949,293,140,NA,"Active","","","http://www.redfin.com/MO/Brentwood/2802-Hilldale-Ave-63144/home/93498406","MARIS","18018945","N","Y",38.6114327,-90.3523349,2018,512
"MLS Listing",NA,"Single Family Residential","2007 Geyer Ave","St Louis","MO",63104,167000,2,2,"Central East",1392,2178,1900,90,120,NA,"Active","","","http://www.redfin.com/MO/St-Louis/2007-Geyer-Ave-63104/home/62718541","MARIS","18080723","N","Y",38.6114475,-90.2149921,2018,513
"MLS Listing",NA,"Multi-Family (2-4 Unit)","5058 Lindenwood Ave","St Louis","MO",63109,167900,5,2,"South City",2328,3703,1928,76,72,NA,"Active","","","http://www.redfin.com/MO/St-Louis/5058-Lindenwood-Ave-63109/unit-2/home/93776230","MARIS","18083969","N","Y",38.5924667,-90.2785635,2018,514
"MLS Listing",NA,"Condo/Co-op","321 Belt Ave #202","St Louis","MO",63112,167900,2,1,"Central West",1215,NA,1923,8,138,249,"Active","","","http://www.redfin.com/MO/St-Louis/321-Belt-Ave-63112/unit-202/home/93672641","MARIS","18095315","N","Y",38.6486417,-90.2784195,2018,515
"MLS Listing",NA,"Condo/Co-op","5527 Waterman Unit 2W","St Louis","MO",63112,168400,2,2,"Central West",1389,NA,1914,86,121,298,"Active","","","http://www.redfin.com/MO/St-Louis/5527-Waterman-Blvd-63112/unit-2W/home/93724139","MARIS","18075409","N","Y",38.649572,-90.279175,2018,516
"MLS Listing",NA,"Single Family Residential","7231 Lyndover","Maplewood","MO",63143,168900,2,1,"Maplewood-Rchmnd Hts",1161,8407,1925,28,145,NA,"Active","","","http://www.redfin.com/MO/Maplewood/7231-Lyndover-Pl-63143/home/93497722","MARIS","18093398","N","Y",38.615502,-90.3149819,2018,517
"For-Sale-by-Owner Listing",NA,"Single Family Residential","6315 Winona Ave","St. Louis","MO",63109,169000,2,1,"Saint Louis",1150,3861,1937,386,147,NA,"Active","","","http://www.redfin.com/MO/St-Louis/6315-Winona-Ave-63109/home/93782101","Fizber.com","4943429","N","Y",38.5930434,-90.2974676,2018,518
"MLS Listing",NA,"Single Family Residential","6927 Marquette Ave","St Louis","MO",63139,169000,2,1,"South City",1128,6490,1923,50,150,NA,"Active","","","http://www.redfin.com/MO/St-Louis/6927-Marquette-Ave-63139/home/93743485","MARIS","18089121","N","Y",38.6007207,-90.3090695,2018,519
"MLS Listing",NA,"Single Family Residential","5535 Cabanne Ave","St Louis","MO",63112,169000,3,2,"Central West",1549,9975,1996,23,109,NA,"Active","","","http://www.redfin.com/MO/St-Louis/5535-Cabanne-Ave-63112/home/93678604","MARIS","18094325","N","Y",38.658631,-90.279627,2018,520
"MLS Listing",NA,"Single Family Residential","7124 Cheshire Ln","Affton","MO",63123,169000,4,2,"Affton",1570,7536,1957,32,108,NA,"Active","","","http://www.redfin.com/MO/Affton/7124-Cheshire-Ln-63123/home/93561549","MARIS","18092671","N","Y",38.5622185,-90.3381627,2018,521
"MLS Listing",NA,"Multi-Family (2-4 Unit)","4956 Potomac","St Louis","MO",63139,169000,NA,NA,"South City",2116,3528,1938,2,80,NA,"Active","","","http://www.redfin.com/MO/St-Louis/4956-Potomac-St-63139/home/93776919","MARIS","18084545","N","Y",38.597077,-90.273742,2018,522
"MLS Listing",NA,"Single Family Residential","8303 New Hampshire Ave","St Louis","MO",63123,169900,2,1,"Affton",1520,25003,1953,108,112,NA,"Active","","","http://www.redfin.com/MO/Affton/8303-New-Hampshire-Ave-63123/home/93328332","MARIS","18074959","N","Y",38.5625548,-90.3280401,2018,523
"MLS Listing",NA,"Single Family Residential","209 Madison Ave","St Louis","MO",63119,169900,2,1,"Webster Groves",1013,7013,1954,57,168,NA,"Active","","","http://www.redfin.com/MO/St-Louis/209-Madison-Ave-63119/home/93511640","MARIS","18088341","N","Y",38.6024221,-90.3602799,2018,524
"MLS Listing",NA,"Single Family Residential","4209 Prather Ave","St Louis","MO",63109,169900,2,1,"South City",1030,4835,1950,69,165,NA,"Active","","","http://www.redfin.com/MO/St-Louis/4209-Prather-Ave-63109/home/93769743","MARIS","18084969","N","Y",38.5935085,-90.3071286,2018,525
"MLS Listing",NA,"Single Family Residential","5537 Devonshire Ave","St Louis","MO",63109,169900,3,2,"South City",933,3659,1918,58,182,NA,"Active","","","http://www.redfin.com/MO/St-Louis/5537-Devonshire-Ave-63109/home/93753040","MARIS","18088674","N","Y",38.5882522,-90.2869151,2018,526
"MLS Listing",NA,"Single Family Residential","5046 Rosa Ave","St Louis","MO",63109,169900,3,2,"South City",1456,4269,1923,36,117,NA,"Active","January-6-2019 1:00 PM","January-6-2019 3:00 PM","http://www.redfin.com/MO/St-Louis/5046-Rosa-Ave-63109/home/93765492","MARIS","18092127","N","Y",38.580208,-90.2815113,2018,527
"MLS Listing",NA,"Condo/Co-op","4250 Lindell Blvd Unit A","St Louis","MO",63108,169900,2,2,"Central West",1785,NA,1906,55,95,325,"Active","","","http://www.redfin.com/MO/St-Louis/4250-Lindell-Blvd-63108/unit-A/home/93725400","MARIS","18088590","N","Y",38.6405323,-90.2501835,2018,528
"MLS Listing",NA,"Single Family Residential","1323 Samoa","St Louis","MO",63126,169900,2,2,"Lindbergh",1005,7405,1955,73,169,NA,"Active","","","http://www.redfin.com/MO/St-Louis/1323-Samoa-Dr-63126/home/93563697","MARIS","18084334","N","Y",38.5621952,-90.3891398,2018,529
"MLS Listing",NA,"Condo/Co-op","5367 Pershing Ave #8","St Louis","MO",63112,169900,2,1,"Central West",982,NA,1912,131,173,138,"Active","","","http://www.redfin.com/MO/St-Louis/5367-Pershing-Ave-63112/unit-8/home/93724306","MARIS","18069646","N","Y",38.6479566,-90.2768587,2018,530
"MLS Listing",NA,"Single Family Residential","5807 S Grand Blvd","St Louis","MO",63111,169900,3,2,"South City",1715,5619,1930,6,99,NA,"Active","January-6-2019 1:00 PM","January-6-2019 3:00 PM","http://www.redfin.com/MO/St-Louis/5807-S-Grand-Blvd-63111/home/93772392","MARIS","18095565","N","Y",38.5666543,-90.2563867,2018,531
"MLS Listing",NA,"Single Family Residential","4931 Gresham Ave","St Louis","MO",63109,169900,2,2,"South City",1200,3920,1918,126,142,NA,"Active","","","http://www.redfin.com/MO/St-Louis/4931-Gresham-Ave-63109/home/62703579","MARIS","18055048","N","Y",38.5745005,-90.2856781,2018,532
"MLS Listing",NA,"Single Family Residential","2809 Shenandoah Ave","St Louis","MO",63104,169900,2,2,"Central East",1734,1873,1896,52,98,NA,"Active","","","http://www.redfin.com/MO/St-Louis/2809-Shenandoah-Ave-63104/home/109007349","MARIS","18089668","N","Y",38.6084649,-90.227411,2018,533
"MLS Listing",NA,"Single Family Residential","9313 Arban Dr","Crestwood","MO",63126,170000,2,2,"Lindbergh",940,7710,1959,218,181,NA,"Active","","","http://www.redfin.com/MO/St-Louis/9313-Arban-Dr-63126/home/93562101","MARIS","18042178","N","Y",38.5571097,-90.3727205,2018,534
"For-Sale-by-Owner Listing",NA,"Single Family Residential","6503 Morganford Rd","St. Louis","MO",63116,170000,5,2,"Saint Louis",1920,5480,1923,152,89,NA,"Active","","","http://www.redfin.com/MO/St-Louis/6503-Morganford-Rd-63116/home/93771787","Fizber.com","4974366","N","Y",38.5690688,-90.2747135,2018,535
"MLS Listing",NA,"Single Family Residential","753 Yale Ave","Webster Groves","MO",63119,172500,2,1,"Webster Groves",1080,5619,1929,112,160,NA,"Active","","","http://www.redfin.com/MO/Webster-Groves/753-Yale-Ave-63119/home/93525064","MARIS","18074330","N","Y",38.5838243,-90.3374988,2018,536
"MLS Listing",NA,"Single Family Residential","3110 Park Hampton","St Louis","MO",63139,173500,2,3,"South City",1106,3659,1987,57,157,146,"Active","","","http://www.redfin.com/MO/St-Louis/3110-Park-Hampton-Ct-63139/home/83041188","MARIS","18088673","N","Y",38.6064294,-90.2863701,2018,537
"MLS Listing",NA,"Condo/Co-op","2900 Indiana Ave #1","St Louis","MO",63118,174000,2,1,"Central East",1252,NA,1913,35,139,130,"Active","","","http://www.redfin.com/MO/St-Louis/2900-Indiana-Ave-63118/unit-1/home/93683445","MARIS","18091159","N","Y",38.6004453,-90.2223777,2018,538
"MLS Listing",NA,"Single Family Residential","6651 Fyler Ave","St Louis","MO",63139,174900,3,2,"South City",1089,9849,1906,29,161,NA,"Active","","","http://www.redfin.com/MO/St-Louis/6651-Fyler-Ave-63139/home/93741987","MARIS","18091975","N","Y",38.6033599,-90.3030478,2018,539
"MLS Listing",NA,"Single Family Residential","3317 Oregon Ave","St Louis","MO",63118,174900,4,3,"Central East",2475,3180,1894,63,71,NA,"Active","January-20-2019 1:00 PM","January-20-2019 4:00 PM","http://www.redfin.com/MO/St-Louis/3317-Oregon-Ave-63118/home/93693663","MARIS","18082626","N","Y",38.5952781,-90.2311137,2018,540
"MLS Listing",NA,"Single Family Residential","3645 California Ave","St Louis","MO",63118,174900,4,3,"Central East",2816,3354,1899,64,62,NA,"Active","","","http://www.redfin.com/MO/St-Louis/3645-California-Ave-63118/home/93680321","MARIS","18083452","N","Y",38.5889283,-90.2313003,2018,541
"MLS Listing",NA,"Single Family Residential","6524 Mardel Ave","St Louis","MO",63109,174900,2,1,"South City",1032,4312,1937,72,169,NA,"Active","","","http://www.redfin.com/MO/St-Louis/6524-Mardel-Ave-63109/home/93775110","MARIS","18083705","N","Y",38.5957382,-90.3020711,2018,542
"MLS Listing",NA,"Single Family Residential","7424 Devonshire Ave","St Louis","MO",63119,175000,2,2,"Webster Groves",1482,7492,1951,153,118,NA,"Active","","","http://www.redfin.com/MO/St-Louis/7424-Devonshire-Ave-63119/home/93524350","MARIS","18062947","N","Y",38.5916505,-90.3268349,2018,543
"MLS Listing",NA,"Single Family Residential","603 S Elliott Ave","St Louis","MO",63122,175000,3,1,"Kirkwood",1180,9278,1951,10,148,NA,"Active","","","http://www.redfin.com/MO/Kirkwood/603-S-Elliott-Ave-63122/home/93544346","MARIS","18093683","N","Y",38.5727703,-90.3999103,2018,544
"MLS Listing",NA,"Single Family Residential","3232 Saint Vincent Ave","St Louis","MO",63104,175000,3,3,"Central East",1620,3877,1893,26,108,NA,"Active","","","http://www.redfin.com/MO/St-Louis/3232-St-Vincent-Ave-63104/home/93689463","MARIS","18093815","N","Y",38.6188943,-90.2330625,2018,545
"MLS Listing",NA,"Single Family Residential","4317 Lindell Blvd Unit G","St Louis","MO",63108,175000,2,2,"Central West",1010,NA,1913,50,173,161,"Active","","","http://www.redfin.com/MO/St-Louis/4317-Lindell-Blvd-63108/unit-G/home/93725524","MARIS","18090279","N","Y",38.641509,-90.251165,2018,546
"MLS Listing",NA,"Single Family Residential","5416 Murdoch Ave","St Louis","MO",63109,175000,3,1,"South City",1500,3920,1919,1,117,NA,"Active","","","http://www.redfin.com/MO/St-Louis/5416-Murdoch-Ave-63109/home/62750947","MARIS","19000399","N","Y",38.586744,-90.285028,2018,547
"MLS Listing",NA,"Single Family Residential","1069 Mccausland Ave","St Louis","MO",63117,175000,4,3,"South City",1768,6817,1912,119,99,NA,"Active","","","http://www.redfin.com/MO/St-Louis/1069-McCausland-Ave-63117/home/93740170","MARIS","18072616","N","Y",38.6312996,-90.3062706,2018,548
"MLS Listing",NA,"Single Family Residential","7015 Circleview Dr","St Louis","MO",63123,175000,3,2,"Affton",1383,6011,1954,84,127,NA,"Active","","","http://www.redfin.com/MO/St-Louis/7015-Circleview-Dr-63123/home/93540552","MARIS","18080640","N","Y",38.5774947,-90.312604,2018,549
"MLS Listing",NA,"Vacant Land","545 Leonard Ave","St Louis","MO",63119,175000,NA,NA,"Webster Groves",NA,44388,NA,78,NA,NA,"Active","","","http://www.redfin.com/MO/St-Louis/545-Leonard-Ave-63119/home/147674137","MARIS","18083055","N","Y",38.6026602,-90.3716512,2018,550
"MLS Listing",NA,"Single Family Residential","2315 Sulphur Ave","St Louis","MO",63139,175000,3,1,"South City",1197,3472,1906,43,146,NA,"Active","","","http://www.redfin.com/MO/St-Louis/2315-Sulphur-Ave-63139/home/93741597","MARIS","18091260","N","Y",38.6148721,-90.2889887,2018,551
"MLS Listing",NA,"Vacant Land","5540 Fyler Ave","St Louis","MO",63139,175000,NA,NA,"South City",NA,52969,NA,175,NA,NA,"Active","","","http://www.redfin.com/MO/St-Louis/5540-Fyler-Ave-63139/home/62779910","MARIS","18055720","N","Y",38.600435,-90.283057,2018,552
"MLS Listing",NA,"Condo/Co-op","900 S Hanley Rd Unit 11E","Clayton","MO",63105,175000,2,2,"Clayton",1620,1045,1965,78,108,1032,"Active","","","http://www.redfin.com/MO/Clayton/900-S-Hanley-Rd-63105/unit-11E/home/93479405","MARIS","18083216","N","Y",38.63868,-90.334825,2018,553
"MLS Listing",NA,"Single Family Residential","6429 Lynbrook Dr","St Louis","MO",63123,175900,3,1,"Affton",1194,7492,1955,99,147,NA,"Active","","","http://www.redfin.com/MO/St-Louis/6429-Lynbrook-Dr-63123/home/93539857","MARIS","18077280","N","Y",38.5699216,-90.3236004,2018,554
"MLS Listing",NA,"Single Family Residential","3472 Tedmar Ave","St Louis","MO",63139,176900,3,1,"South City",1435,4835,1952,107,123,NA,"Active","","","http://www.redfin.com/MO/St-Louis/3472-Tedmar-Ave-63139/home/93742304","MARIS","18075253","N","Y",38.5963884,-90.2833127,2018,555
"MLS Listing",NA,"Single Family Residential","8022 Mcgee St","Affton","MO",63123,176900,3,2,"Affton",1080,6752,NA,136,164,NA,"Active","","","http://www.redfin.com/MO/Affton/8022-McGee-St-63123/home/93559436","MARIS","18067316","N","Y",38.564129,-90.3174949,2018,556
"MLS Listing",NA,"Single Family Residential","5322 Pernod Ave","St Louis","MO",63139,177900,3,1,"South City",1674,4225,1932,83,106,NA,"Active","","","http://www.redfin.com/MO/St-Louis/5322-Pernod-Ave-63139/home/93781688","MARIS","18082157","N","Y",38.5953158,-90.2814901,2018,557
"MLS Listing",NA,"Single Family Residential","7221 Stonegate","St Louis","MO",63123,179000,4,1,"Affton",1547,6534,1948,52,116,NA,"Active","","","http://www.redfin.com/MO/St-Louis/7221-Stonegate-Dr-63123/home/93540240","MARIS","18089784","N","Y",38.57737,-90.3170753,2018,558
"MLS Listing",NA,"Multi-Family (2-4 Unit)","5334 Itaska","St Louis","MO",63109,179000,4,2,"South City",2116,4487,1926,198,85,NA,"Active","","","http://www.redfin.com/MO/St-Louis/5334-Itaska-St-63109/home/93766702","MARIS","18049510","N","Y",38.5839692,-90.2838868,2018,559
"MLS Listing",NA,"Condo/Co-op","4440 Lindell Ave #404","St Louis","MO",63108,179000,2,1,"Central West",1072,NA,1929,1,167,649,"Active","January-6-2019 1:00 PM","January-6-2019 3:00 PM","http://www.redfin.com/MO/St-Louis/4440-Lindell-Blvd-63108/unit-404/home/93724872","MARIS","18094958","N","Y",38.6414994,-90.2556994,2018,560
"MLS Listing",NA,"Single Family Residential","2120 Sidney","St Louis","MO",63104,179900,2,2,"Central East",1184,2352,1875,12,152,NA,"Active","","","http://www.redfin.com/MO/St-Louis/2120-Sidney-St-63104/home/79762765","MARIS","18095522","N","Y",38.60399,-90.219926,2018,561
"MLS Listing",NA,"Single Family Residential","707 Paddock Ct","Crestwood","MO",63126,179900,3,1,"Lindbergh",1170,8668,1952,61,154,NA,"Active","","","http://www.redfin.com/MO/St-Louis/707-Paddock-Ct-63126/home/93542532","MARIS","18088025","N","Y",38.5664491,-90.3732774,2018,562
"MLS Listing",NA,"Single Family Residential","5832 Columbia Ave","St Louis","MO",63139,179900,4,2,"South City",1296,4617,1924,28,139,NA,"Active","","","http://www.redfin.com/MO/St-Louis/5832-Columbia-Ave-63139/home/93726727","MARIS","18092906","N","Y",38.6118413,-90.2858685,2018,563
"MLS Listing",NA,"Single Family Residential","3816 Blaine Ave","St Louis","MO",63110,179900,3,2,"South City",1530,3441,1915,505,118,NA,"Active","","","http://www.redfin.com/MO/St-Louis/3816-Blaine-Ave-63110/home/93700448","MARIS","17064481","N","Y",38.619157,-90.2427358,2018,564
"MLS Listing",NA,"Condo/Co-op","1502 High School Dr","Brentwood","MO",63144,179900,2,1,"Brentwood",1034,3093,1950,55,174,198,"Active","","","http://www.redfin.com/MO/Brentwood/1502-High-School-Dr-63144/home/93488642","MARIS","18089302","N","Y",38.6276601,-90.3514863,2018,565
"MLS Listing",NA,"Single Family Residential","657 W Frisco Ave","Webster Groves","MO",63119,179900,3,2,"Webster Groves",1818,11195,1928,106,99,NA,"Active","","","http://www.redfin.com/MO/Webster-Groves/657-W-Frisco-Ave-63119/home/93543470","MARIS","18075655","N","Y",38.5769481,-90.3766562,2018,566
"MLS Listing",NA,"Condo/Co-op","4206 Maryland Ave","St Louis","MO",63108,179900,2,2,"Central West",1628,NA,1905,120,111,225,"Active","","","http://www.redfin.com/MO/St-Louis/4206-Maryland-Ave-63108/home/146977962","MARIS","18071760","N","Y",38.6414932,-90.2483613,2018,567
"MLS Listing",NA,"Single Family Residential","552 Ambergate Dr","St Louis","MO",63119,179900,2,2,"Webster Groves",1010,9801,1949,50,178,NA,"Active","","","http://www.redfin.com/MO/Webster-Groves/552-Ambergate-Dr-63119/home/62752016","MARIS","18090072","N","Y",38.5675307,-90.3449983,2018,568
"MLS Listing",NA,"Condo/Co-op","420 Lake Ave #1","St Louis","MO",63108,180000,2,2,"Central West",1100,2091,1898,71,164,190,"Active","","","http://www.redfin.com/MO/St-Louis/420-Lake-Ave-63108/unit-1/home/93786046","MARIS","18070268","N","Y",38.6482495,-90.2700115,2018,569
"For-Sale-by-Owner Listing",NA,"Single Family Residential","1856 Missouri Ave","St. Louis","MO",63104,180000,4,4,"Saint Louis",3930,5009,1888,530,46,NA,"Active","","","http://www.redfin.com/MO/St-Louis/1856-Missouri-Ave-63104/home/62692127","Fizber.com","4924807","N","Y",38.6128626,-90.2192309,2018,570
"MLS Listing",NA,"Single Family Residential","1305 Warson Pl","St Louis","MO",63119,180000,2,1,"Webster Groves",925,9148,1949,64,195,NA,"Active","","","http://www.redfin.com/MO/St-Louis/1305-Warson-Pl-63119/home/93500342","MARIS","18087117","N","Y",38.6133719,-90.3707713,2018,571
"MLS Listing",NA,"Single Family Residential","2936 Hereford St","St Louis","MO",63139,180000,3,2,"South City",1173,5083,1979,53,153,NA,"Active","","","http://www.redfin.com/MO/St-Louis/2936-Hereford-St-63139/home/93727832","MARIS","18089499","N","Y",38.6055242,-90.2729902,2018,572
"MLS Listing",NA,"Single Family Residential","2623 Missouri Ave","St Louis","MO",63118,180000,3,2,"Central East",1934,4704,1882,47,93,NA,"Active","","","http://www.redfin.com/MO/St-Louis/2623-Missouri-Ave-63118/home/93697800","MARIS","18089394","N","Y",38.6036723,-90.2206374,2018,573
"MLS Listing",NA,"Multi-Family (2-4 Unit)","5454 Rosa Ave","St Louis","MO",63109,182500,2,2,"South City",2100,4356,1926,84,87,NA,"Active","","","http://www.redfin.com/MO/St-Louis/5454-Rosa-Ave-63109/home/93775672","MARIS","18081850","N","Y",38.5808153,-90.287318,2018,574
"MLS Listing",NA,"Single Family Residential","7430 Chamberlain Ave","University City","MO",63130,184000,3,2,"University City",1404,9540,1941,512,131,NA,"Active","","","http://www.redfin.com/MO/University-City/7430-Chamberlain-Ave-63130/home/62693413","MARIS","17061937","N","Y",38.6667136,-90.3294178,2018,575
"MLS Listing",NA,"Single Family Residential","4601 Mccausland Ave","St Louis","MO",63109,184900,3,1,"South City",1080,5184,1941,34,171,NA,"Active","January-6-2019 12:00 PM","January-6-2019 3:00 PM","http://www.redfin.com/MO/St-Louis/4601-McCausland-Ave-63109/home/93780822","MARIS","18092526","N","Y",38.5886967,-90.3135496,2018,576
"MLS Listing",NA,"Single Family Residential","111 Saint George","St Louis","MO",63119,184900,3,2,"Webster Groves",1064,8015,1969,43,174,NA,"Active","","","http://www.redfin.com/MO/St-Louis/111-Saint-George-63119/home/148184339","MARIS","18081671","N","Y",38.574205,-90.356289,2018,577
"MLS Listing",NA,"Multi-Family (2-4 Unit)","3550 Giles Ave","St Louis","MO",63116,184900,5,2,"South City",2652,4966,1923,113,70,NA,"Active","","","http://www.redfin.com/MO/St-Louis/3550-Giles-Ave-63116/home/93695467","MARIS","18071998","N","Y",38.592524,-90.246066,2018,578
"MLS Listing",NA,"Single Family Residential","5468 Oleatha Ave","St Louis","MO",63139,184900,2,1,"South City",1050,4792,1950,33,176,NA,"Active","","","http://www.redfin.com/MO/St-Louis/5468-Oleatha-Ave-63139/home/93780785","MARIS","18091060","N","Y",38.5965127,-90.2840782,2018,579
"MLS Listing",NA,"Single Family Residential","1721 Oregon Pl","St Louis","MO",63104,184900,3,3,"Central East",2506,3790,1883,1,74,NA,"Active","","","http://www.redfin.com/MO/St-Louis/1721-Oregon-Pl-63104/home/93690067","MARIS","18093606","N","Y",38.614868,-90.227169,2018,580
"MLS Listing",NA,"Single Family Residential","4912 Lansdowne Ave","St Louis","MO",63109,184900,4,2,"South City",1716,4138,1909,37,108,NA,"Active","January-6-2019 1:00 PM","January-6-2019 3:00 PM","http://www.redfin.com/MO/St-Louis/4912-Lansdowne-Ave-63109/home/93752988","MARIS","18087739","N","Y",38.5877177,-90.2766423,2018,581
"MLS Listing",NA,"Single Family Residential","2211 Mccausland Ave","St Louis","MO",63143,184900,3,2,"South City",1500,3964,1922,29,123,NA,"Active","January-6-2019 1:00 PM","January-6-2019 3:00 PM","http://www.redfin.com/MO/St-Louis/2211-McCausland-Ave-63143/home/93741096","MARIS","18092313","N","Y",38.6177309,-90.3090328,2018,582
"MLS Listing",NA,"Single Family Residential","7745 Genesta St","St Louis","MO",63123,184900,3,3,"Affton",1600,6752,1917,100,116,NA,"Active","","","http://www.redfin.com/MO/St-Louis/7745-Genesta-St-63123/home/93539888","MARIS","18077059","N","Y",38.5688992,-90.3101711,2018,583
"MLS Listing",NA,"Single Family Residential","6627 Michigan Ave","St Louis","MO",63111,184900,4,3,"South City",3069,6055,1888,78,60,NA,"Active","","","http://www.redfin.com/MO/St-Louis/6627-Michigan-Ave-63111/home/81982723","MARIS","18083397","N","Y",38.5562042,-90.2533498,2018,584
"MLS Listing",NA,"Single Family Residential","6949 Gravois Ave","St Louis","MO",63116,185000,2,2,"South City",1920,NA,1907,255,96,NA,"Active","","","http://www.redfin.com/MO/St-Louis/6949-Gravois-Ave-63116/home/93758320","MARIS","18030018","N","Y",38.5691232,-90.2865298,2018,585
"MLS Listing",NA,"Single Family Residential","5653 Milentz Ave","St Louis","MO",63109,185000,3,2,"South City",969,4443,1928,55,191,NA,"Active","","","http://www.redfin.com/MO/St-Louis/5653-Milentz-Ave-63109/home/88576604","MARIS","18089339","N","Y",38.5798557,-90.2914845,2018,586
"MLS Listing",NA,"Condo/Co-op","7745 Kingsbury Blvd #22","St Louis","MO",63105,185000,1,1,"Clayton",840,958,1942,35,220,282,"Active","","","http://www.redfin.com/MO/St-Louis/7745-Kingsbury-Blvd-63105/unit-22/home/93325837","MARIS","18091987","N","Y",38.6562579,-90.3352019,2018,587
"MLS Listing",NA,"Vacant Land","7057 Mitchell Ave","Richmond Heights","MO",63117,185000,NA,NA,"Maplewood-Rchmnd Hts",NA,12850,NA,70,NA,NA,"Active","","","http://www.redfin.com/MO/Richmond-Heights/7057-Mitchell-Ave-63117/home/93744495","MARIS","18086040","N","Y",38.623409,-90.310084,2018,588
"MLS Listing",NA,"Vacant Land","4308 Laclede Ave","St Louis","MO",63108,185000,NA,NA,"Central West",NA,6447,NA,147,NA,NA,"Active","","","http://www.redfin.com/MO/St-Louis/4308-Laclede-Ave-63108/home/62730942","MARIS","18064636","N","Y",38.6379085,-90.2520534,2018,589
"MLS Listing",NA,"Single Family Residential","7059 Mitchell Ave","St Louis","MO",63117,185000,1,1,"Maplewood-Rchmnd Hts",966,9252,1940,70,192,NA,"Active","","","http://www.redfin.com/MO/Richmond-Heights/7059-Mitchell-Ave-63117/home/93487113","MARIS","18081938","N","Y",38.623432,-90.310212,2018,590
"MLS Listing",NA,"Single Family Residential","1 Dickson","St Louis","MO",63122,185000,3,1,"Kirkwood",917,12937,1955,55,202,NA,"Active","","","http://www.redfin.com/MO/Kirkwood/1-Dickson-Ct-63122/home/93513143","MARIS","18088134","N","Y",38.6003773,-90.3931479,2018,591
"MLS Listing",NA,"Condo/Co-op","5528 Waterman Blvd #32","St Louis","MO",63112,185900,2,1,"Central West",1000,NA,1915,259,186,302,"Active","","","http://www.redfin.com/MO/St-Louis/5528-Waterman-Blvd-63112/unit-32/home/145370485","MARIS","18031190","N","Y",38.6490079,-90.2792433,2018,592
"MLS Listing",NA,"Single Family Residential","3343 Salena","St Louis","MO",63118,185900,3,2,"Central East",1750,4835,1926,43,106,NA,"Active","","","http://www.redfin.com/MO/St-Louis/3343-Salena-St-63118/home/93694128","MARIS","18091269","N","Y",38.5931209,-90.22,2018,593
"MLS Listing",NA,"Single Family Residential","3345 Salena","St Louis","MO",63104,187500,3,2,"Central East",1750,NA,1926,331,107,NA,"Active","","","http://www.redfin.com/MO/St-Louis/3345-Salena-63104/home/144827625","MARIS","18007803","N","Y",38.593127,-90.220001,2018,594
"MLS Listing",NA,"Single Family Residential","309 Madison Ave","St Louis","MO",63119,187500,3,2,"Webster Groves",1054,7797,1929,50,178,NA,"Active","","","http://www.redfin.com/MO/St-Louis/309-Madison-Ave-63119/home/146494758","MARIS","18090220","N","Y",38.6028642,-90.3623132,2018,595
"MLS Listing",NA,"Multi-Family (2-4 Unit)","3915 Dover","St Louis","MO",63116,189000,4,2,"South City",NA,5271,1928,15,NA,NA,"Active","","","http://www.redfin.com/MO/St-Louis/3915-Dover-Pl-63116/home/93774826","MARIS","18086319","N","Y",38.570314,-90.261722,2018,596
"MLS Listing",NA,"Multi-Family (2-4 Unit)","4715 Washington Blvd","St Louis","MO",63108,189900,3,1,"Central West",3720,5319,1894,128,51,NA,"Active","","","http://www.redfin.com/MO/St-Louis/4715-Washington-Blvd-63108/home/93739912","MARIS","18070366","N","Y",38.6503099,-90.2583662,2018,597
"MLS Listing",NA,"Single Family Residential","5245 Robert Ave","St Louis","MO",63109,189900,2,2,"South City",1424,4617,1925,24,133,NA,"Active","","","http://www.redfin.com/MO/St-Louis/5245-Robert-Ave-63109/home/93771194","MARIS","18090115","N","Y",38.5701281,-90.2917266,2018,598
"MLS Listing",NA,"Multi-Family (2-4 Unit)","4147 Flad Ave","St Louis","MO",63110,189900,4,2,"South City",2386,2701,1904,93,80,NA,"Active","","","http://www.redfin.com/MO/St-Louis/4147-Flad-Ave-63110/home/93746532","MARIS","18076624","N","Y",38.6127051,-90.2528727,2018,599
"MLS Listing",NA,"Condo/Co-op","7561 Byron Pl Unit 3W","St Louis","MO",63105,189900,2,1,"Clayton",1386,1263,1937,345,137,218,"Active","","","http://www.redfin.com/MO/Clayton/7561-Byron-Pl-63105/unit-3W/home/93478082","MARIS","18004327","N","Y",38.6423822,-90.3325956,2018,600
"MLS Listing",NA,"Multi-Family (2-4 Unit)","3001 Magnolia Ave","St Louis","MO",63118,189900,6,6,"Central East",NA,11761,1872,251,NA,NA,"Active","","","http://www.redfin.com/MO/St-Louis/3001-Magnolia-Ave-63118/home/93678155","MARIS","18033288","N","Y",38.6050212,-90.2312829,2018,601
"MLS Listing",NA,"Single Family Residential","1048 Rockman Pl","St Louis","MO",63119,189900,3,3,"Webster Groves",1174,6490,1941,106,162,NA,"Active","January-6-2019 1:00 PM","January-6-2019 3:00 PM","http://www.redfin.com/MO/St-Louis/1048-Rockman-Pl-63119/home/62747927","MARIS","18075094","N","Y",38.6118628,-90.3657601,2018,602
"MLS Listing",NA,"Single Family Residential","2710 Geyer Ave","St Louis","MO",63104,190000,3,3,"Central East",1818,3441,1884,73,105,NA,"Active","","","http://www.redfin.com/MO/St-Louis/2710-Geyer-Ave-63104/home/93690234","MARIS","18084305","N","Y",38.613055,-90.224228,2018,603
"MLS Listing",NA,"Single Family Residential","5101 S Broadway","St Louis","MO",63111,190000,4,4,"South City",3960,5894,1926,23,48,NA,"Active","","","http://www.redfin.com/MO/St-Louis/5101-S-Broadway-63111/home/93707696","MARIS","18093904","N","Y",38.566218,-90.239337,2018,604
"MLS Listing",NA,"Single Family Residential","7550 Williams Ave","Maplewood","MO",63143,194750,2,2,"Maplewood-Rchmnd Hts",1328,NA,1937,51,147,NA,"Active","","","http://www.redfin.com/MO/Maplewood/7550-Williams-Ave-63143/home/62766954","MARIS","18089945","N","Y",38.6210952,-90.3228787,2018,605
"MLS Listing",NA,"Single Family Residential","2429 Pocahontas Pl","St Louis","MO",63144,194900,2,1,"Webster Groves",1120,7492,1929,37,174,NA,"Active","","","http://www.redfin.com/MO/St-Louis/2429-Pocahontas-Pl-63144/home/93498761","MARIS","18091868","N","Y",38.6173499,-90.3567246,2018,606
"MLS Listing",NA,"Single Family Residential","307 N Laclede Station Rd","St Louis","MO",63119,194900,3,2,"Webster Groves",1154,11195,1953,98,169,NA,"Active","","","http://www.redfin.com/MO/Webster-Groves/307-N-Laclede-Station-Rd-63119/home/147296291","MARIS","18075997","N","Y",38.594568,-90.332566,2018,607
"MLS Listing",NA,"Multi-Family (2-4 Unit)","5164 Goethe Ave","St Louis","MO",63109,194900,NA,NA,"South City",2300,4051,1935,20,85,NA,"Active","","","http://www.redfin.com/MO/St-Louis/5164-Goethe-Ave-63109/home/93770820","MARIS","18094692","N","Y",38.5795792,-90.2844309,2018,608
"MLS Listing",NA,"Single Family Residential","4963 Reber Pl","St Louis","MO",63139,194900,5,2,"South City",1784,10367,1890,106,109,NA,"Active","","","http://www.redfin.com/MO/St-Louis/4963-Reber-Pl-63139/home/93727897","MARIS","18073886","N","Y",38.6080702,-90.2709725,2018,609
"MLS Listing",NA,"Single Family Residential","6608 Villa Ave","St Louis","MO",63139,195000,3,2,"South City",1728,4530,1952,54,113,NA,"Active","","","http://www.redfin.com/MO/St-Louis/6608-Villa-Ave-63139/home/93740725","MARIS","18089386","N","Y",38.6253787,-90.2992297,2018,610
"MLS Listing",NA,"Condo/Co-op","601 Westgate Ave Unit 601C","University City","MO",63130,195000,2,3,"University City",1194,NA,1928,126,163,459,"Active","","","http://www.redfin.com/MO/University-City/601-Westgate-Ave-63130/unit-601C/home/93326915","MARIS","18070778","N","Y",38.6559054,-90.3043244,2018,611
"MLS Listing",NA,"Condo/Co-op","4306 Maryland Ave Unit 3C","St Louis","MO",63108,197000,2,3,"Central West",1193,NA,1901,99,165,286,"Active","","","http://www.redfin.com/MO/St-Louis/4306-Maryland-Ave-63108/unit-3C/home/93725306","MARIS","18077414","N","Y",38.64213,-90.250765,2018,612
"MLS Listing",NA,"Multi-Family (2-4 Unit)","4917 Oleatha Ave","St Louis","MO",63139,197500,4,2,"South City",2244,5654,1950,22,88,NA,"Active","","","http://www.redfin.com/MO/St-Louis/4917-Oleatha-Ave-63139/unit-19/home/93777237","MARIS","18091491","N","Y",38.5960862,-90.2719754,2018,613
"MLS Listing",NA,"Single Family Residential","2708 Dalton Ave","St Louis","MO",63139,198000,3,3,"South City",1644,4443,1915,127,120,NA,"Active","","","http://www.redfin.com/MO/St-Louis/2708-Dalton-Ave-63139/home/93726788","MARIS","18070657","N","Y",38.6100873,-90.2846582,2018,614
"MLS Listing",NA,"Single Family Residential","5954 Enright Ave Unit R","St Louis","MO",63112,199000,5,2,"Central West",1904,4225,1911,24,105,NA,"Active","","","http://www.redfin.com/MO/St-Louis/5954-Enright-Ave-63112/unit-R/home/148442809","MARIS","18094111","N","Y",38.6556848,-90.292542,2018,615
"MLS Listing",NA,"Multi-Family (2-4 Unit)","","St Louis","MO",63118,199000,NA,NA,"",NA,3049,1902,223,NA,NA,"Active","","","http://www.redfin.com/MO/St-Louis/Undisclosed-address-63118/home/145835821","MARIS","18041107","N","Y",38.5950619,-90.2291565,2018,616
"For-Sale-by-Owner Listing",NA,"Multi-Family (2-4 Unit)","1077 McCausland Ave","St. Louis","MO",63117,199000,1,1,"Saint Louis",1892,4399,1926,252,105,NA,"Active","","","http://www.redfin.com/MO/St-Louis/1077-McCausland-Ave-63117/home/62773382","Fizber.com","4960177","N","Y",38.6310969,-90.306389,2018,617
"MLS Listing",NA,"Single Family Residential","7642 Williams Ave","St Louis","MO",63143,199000,3,1,"Maplewood-Rchmnd Hts",1710,6360,1922,155,116,NA,"Active","","","http://www.redfin.com/MO/Maplewood/7642-Williams-Ave-63143/home/93497294","MARIS","18062462","N","Y",38.6211296,-90.3252664,2018,618
"MLS Listing",NA,"Condo/Co-op","7401 Kenrick Pointe Dr","Shrewsbury","MO",63119,199000,1,2,"Affton",1212,3920,1996,38,164,175,"Active","","","http://www.redfin.com/MO/St-Louis/7401-Kenrick-Pointe-Dr-63119/home/93523495","MARIS","18091290","N","Y",38.5813128,-90.3297484,2018,619
"MLS Listing",NA,"Single Family Residential","5610 Winona Ave","St Louis","MO",63109,199000,3,2,"South City",1716,7536,1947,1,116,NA,"Active","","","http://www.redfin.com/MO/St-Louis/5610-Winona-Ave-63109/home/93781633","MARIS","19000306","N","Y",38.5916115,-90.2880161,2018,620
"MLS Listing",NA,"Condo/Co-op","900 S Hanley Unit 4E","St Louis","MO",63105,199900,2,2,"Clayton",1620,958,1964,275,123,971,"Active","","","http://www.redfin.com/MO/Clayton/900-S-Hanley-Rd-63105/unit-4E/home/93479309","MARIS","18025551","N","Y",38.63868,-90.334825,2018,621
"MLS Listing",NA,"Single Family Residential","2648 Shenandoah Ave","St Louis","MO",63104,199900,3,1,"South City",1492,1133,1884,20,134,NA,"Active","","","http://www.redfin.com/MO/St-Louis/2648-Shenandoah-Ave-63104/home/93699912","MARIS","18094697","N","Y",38.6076874,-90.2243596,2018,622
"MLS Listing",NA,"Condo/Co-op","6240 Sunshine Dr Unit 2G","St Louis","MO",63109,199900,2,2,"South City",1588,NA,2004,27,126,388,"Active","","","http://www.redfin.com/MO/St-Louis/6240-Sunshine-Dr-63109/unit-2G/home/62708875","MARIS","18093476","N","Y",38.5728907,-90.2998768,2018,623
"MLS Listing",NA,"Multi-Family (2-4 Unit)","5436 Lisette Ave","St Louis","MO",63109,199900,2,2,"South City",2080,4835,1926,1,96,NA,"Active","","","http://www.redfin.com/MO/St-Louis/5436-Lisette-Ave-63109/home/93776553","MARIS","19000074","N","Y",38.5753439,-90.2884036,2018,624
"MLS Listing",NA,"Single Family Residential","102 E Rose Ave","St Louis","MO",63119,199900,3,2,"Webster Groves",1200,6273,1926,84,167,NA,"Active","","","http://www.redfin.com/MO/Webster-Groves/102-E-Rose-Ave-63119/home/92327552","MARIS","18066842","N","Y",38.57063,-90.357209,2018,625
"MLS Listing",NA,"Single Family Residential","7115 Hosmer Ave","St Louis","MO",63123,199900,2,2,"Affton",1624,16553,1952,63,123,NA,"Active","","","http://www.redfin.com/MO/Affton/7115-Hosmer-Ave-63123/home/93560765","MARIS","18087074","N","Y",38.5578672,-90.3393019,2018,626
"MLS Listing",NA,"Single Family Residential","942 Blackberry Pl","University City","MO",63130,199900,4,2,"University City",2020,11326,1955,59,99,NA,"Active","","","http://www.redfin.com/MO/University-City/942-Blackberry-Pl-63130/home/93459870","MARIS","18087417","N","Y",38.666865,-90.342778,2018,627
"MLS Listing",NA,"Multi-Family (5+ Unit)","4250 Swan","St Louis","MO",63104,199900,NA,NA,"South City",NA,NA,1897,45,NA,NA,"Active","","","http://www.redfin.com/MO/St-Louis/4250-Swan-63104/home/148161318","MARIS","18090886","N","Y",38.625951,-90.255836,2018,628
"MLS Listing",NA,"Single Family Residential","4134 Federer St","St Louis","MO",63116,199999,3,3,"South City",1170,4661,1933,51,171,NA,"Active","January-6-2019 1:00 AM","January-6-2019 3:00 AM","http://www.redfin.com/MO/St-Louis/4134-Federer-St-63116/home/93776689","MARIS","18089960","N","Y",38.5697189,-90.2715595,2018,629
"MLS Listing",NA,"Single Family Residential","6416 Myrlette Ct","St Louis","MO",63116,200000,3,2,"South City",1308,5793,1954,26,153,NA,"Active","","","http://www.redfin.com/MO/St-Louis/6416-Myrlette-Ct-63116/home/93783570","MARIS","18093338","N","Y",38.571199,-90.278692,2018,630
"MLS Listing",NA,"Condo/Co-op","601 Westgate Ave Unit 601A","University City","MO",63130,200000,2,3,"University City",1195,NA,1928,126,167,459,"Active","","","http://www.redfin.com/MO/University-City/601-Westgate-Ave-63130/unit-601A/home/93327614","MARIS","18066342","N","Y",38.6559054,-90.3043244,2018,631
"MLS Listing",NA,"Single Family Residential","1526 Pinetree Ln","St Louis","MO",63119,200000,2,1,"Webster Groves",890,9714,1952,37,225,NA,"Active","","","http://www.redfin.com/MO/Webster-Groves/1526-Pinetree-Ln-63119/home/78421292","MARIS","18090970","N","Y",38.5662177,-90.3537325,2018,632
"MLS Listing",NA,"Single Family Residential","6648 Nottingham Ave","St Louis","MO",63109,200000,3,1,"South City",1576,5184,1935,28,127,NA,"Active","","","http://www.redfin.com/MO/St-Louis/6648-Nottingham-Ave-63109/home/93779618","MARIS","18093474","N","Y",38.5881173,-90.3078394,2018,633
"MLS Listing",NA,"Condo/Co-op","4496 Maryland Ave Unit 1B","St Louis","MO",63108,200000,2,2,"Central West",1050,NA,1931,202,190,340,"Active","","","http://www.redfin.com/MO/St-Louis/4496-Maryland-Ave-63108/unit-1B/home/62720934","MARIS","18048724","N","Y",38.6435674,-90.2572733,2018,634
"MLS Listing",NA,"Single Family Residential","3225 Portis Ave","St Louis","MO",63116,200000,2,1,"South City",1176,4400,1911,44,170,NA,"Active","","","http://www.redfin.com/MO/St-Louis/3225-Portis-Ave-63116/home/93756461","MARIS","18090761","N","Y",38.6012287,-90.2652724,2018,635
"MLS Listing",NA,"Single Family Residential","5564 Bartmer Ave","St Louis","MO",63112,200000,8,3,"Central West",4560,7362,1903,8,44,NA,"Active","","","http://www.redfin.com/MO/St-Louis/5564-Bartmer-Ave-63112/home/93722459","MARIS","18094680","N","Y",38.6621064,-90.2790567,2018,636
"For-Sale-by-Owner Listing",NA,"Single Family Residential","7248 Gravois Ave","St. Louis","MO",63116,200000,1,1,"Saint Louis",3400,3400,1995,265,59,NA,"Active","","","http://www.redfin.com/MO/St-Louis/7248-Gravois-Ave-63116/home/145310748","Fizber.com","4957662","N","Y",38.564913,-90.292589,2018,637
"MLS Listing",NA,"Single Family Residential","1433 Lanvale Dr","Webster Groves","MO",63119,200000,2,1,"Webster Groves",890,9583,1953,83,225,NA,"Active","","","http://www.redfin.com/MO/Webster-Groves/1433-Lanvale-Dr-63119/home/62751235","MARIS","18081574","N","Y",38.5678259,-90.353288,2018,638
"MLS Listing",NA,"Single Family Residential","5943 De Giverville Ave","St Louis","MO",63112,203700,3,3,"Central West",2025,5663,1914,165,101,NA,"Active","","","http://www.redfin.com/MO/St-Louis/5943-De-Giverville-Ave-63112/home/93762486","MARIS","18059765","N","Y",38.6535834,-90.2921452,2018,639
"MLS Listing",NA,"Single Family Residential","7231 Moller Ave","Maplewood","MO",63143,204900,2,2,"Maplewood-Rchmnd Hts",1342,5968,1900,27,153,NA,"Active","","","http://www.redfin.com/MO/Maplewood/7231-Moller-Ave-63143/home/93497164","MARIS","18093665","N","Y",38.6109522,-90.3151288,2018,640
"MLS Listing",NA,"Single Family Residential","4585 Wabash Ave","St Louis","MO",63109,204990,4,2,"South City",1100,5358,1940,155,186,NA,"Active","","","http://www.redfin.com/MO/St-Louis/4585-Wabash-Ave-63109/home/93780800","MARIS","18062553","N","Y",38.5893364,-90.3141265,2018,641
"MLS Listing",NA,"Single Family Residential","5422 Lisette Ave","St Louis","MO",63109,207500,3,2,"South City",1450,4792,1926,77,143,NA,"Active","","","http://www.redfin.com/MO/St-Louis/5422-Lisette-Ave-63109/home/93776565","MARIS","18082054","N","Y",38.575238,-90.287975,2018,642
"MLS Listing",NA,"Condo/Co-op","5601 Waterman Blvd #1","St Louis","MO",63112,209900,4,2,"Central West",1748,2657,1913,132,120,300,"Active","","","http://www.redfin.com/MO/St-Louis/5601-Waterman-Blvd-63112/unit-1/home/93724229","MARIS","18067863","N","Y",38.6497665,-90.2827444,2018,643
"MLS Listing",NA,"Single Family Residential","4731 Holly Hills Ave","St Louis","MO",63116,209900,2,1,"South City",2140,8059,1951,274,98,NA,"Active","","","http://www.redfin.com/MO/St-Louis/4731-Holly-Hills-Ave-63116/home/93756713","MARIS","18022779","N","Y",38.5748437,-90.2808233,2018,644
"MLS Listing",NA,"Single Family Residential","3660 Fairview Ave","St Louis","MO",63116,209900,2,4,"South City",3370,3642,1911,106,62,NA,"Active","","","http://www.redfin.com/MO/St-Louis/3660-Fairview-Ave-63116/home/93671337","MARIS","18075687","N","Y",38.594992,-90.245853,2018,645
"MLS Listing",NA,"Single Family Residential","6639 Arsenal","St Louis","MO",63139,209900,4,2,"South City",1199,4748,1924,41,175,NA,"Active","","","http://www.redfin.com/MO/St-Louis/6639-Arsenal-St-63139/home/93741806","MARIS","18090862","N","Y",38.6085143,-90.3025753,2018,646
"MLS Listing",NA,"Single Family Residential","2106 Stansbury","St Louis","MO",63118,209999,3,3,"South City",3044,4443,1884,88,69,NA,"Active","","","http://www.redfin.com/MO/St-Louis/2106-Stansbury-St-63118/home/93696670","MARIS","18078657","N","Y",38.586442,-90.2236784,2018,647
"MLS Listing",NA,"Single Family Residential","4323 Gibson Ave","St Louis","MO",63110,210000,2,2,"South City",1584,3267,1892,71,133,NA,"Active","","","http://www.redfin.com/MO/St-Louis/4323-Gibson-Ave-63110/home/93751324","MARIS","18084741","N","Y",38.628474,-90.2551281,2018,648
"MLS Listing",NA,"Single Family Residential","2228 Hickory","St Louis","MO",63104,210000,2,2,"Central East",1292,1263,1984,23,163,NA,"Active","","","http://www.redfin.com/MO/St-Louis/2228-Hickory-63104/home/148450653","MARIS","18094092","N","Y",38.619493,-90.216861,2018,649
"MLS Listing",NA,"Single Family Residential","1 Santa Fe","St Louis","MO",63119,210000,2,2,"Webster Groves",1064,7231,1951,97,197,NA,"Active","","","http://www.redfin.com/MO/St-Louis/1-Santa-Fe-Dr-63119/home/93500312","MARIS","18078796","N","Y",38.6092819,-90.368013,2018,650
"MLS Listing",NA,"Single Family Residential","728 Dallwood Dr","Crestwood","MO",63126,212000,3,3,"Lindbergh",1018,7405,1960,33,208,NA,"Active","January-6-2019 1:00 PM","January-6-2019 3:00 PM","http://www.redfin.com/MO/St-Louis/728-Dallwood-Dr-63126/home/93563708","MARIS","18092174","N","Y",38.5616529,-90.3896812,2018,651
"MLS Listing",NA,"Condo/Co-op","900 S Hanley Rd Unit 4B","Clayton","MO",63105,213000,2,2,"Clayton",1571,958,1964,126,136,971,"Active","","","http://www.redfin.com/MO/Clayton/900-S-Hanley-Rd-63105/unit-4B/home/62725691","MARIS","18069848","N","Y",38.63868,-90.334825,2018,652
"MLS Listing",NA,"Single Family Residential","9534 Lodge Pole Ln","St Louis","MO",63126,214000,3,2,"Lindbergh",1190,7749,1956,52,180,NA,"Active","","","http://www.redfin.com/MO/St-Louis/9534-Lodge-Pole-Ln-63126/home/93562055","MARIS","18089664","N","Y",38.5535691,-90.3767297,2018,653
"MLS Listing",NA,"Single Family Residential","7558 Cornell Ave","St Louis","MO",63130,214900,3,3,"University City",1472,5140,1925,302,146,NA,"Active","","","http://www.redfin.com/MO/University-City/7558-Cornell-Ave-63130/home/93471194","MARIS","18016893","N","Y",38.660502,-90.334619,2018,654
"MLS Listing",NA,"Single Family Residential","443 E Glendale Rd","Webster Groves","MO",63119,214900,3,2,"Webster Groves",960,10019,1950,51,224,NA,"Active","","","http://www.redfin.com/MO/Webster-Groves/443-E-Glendale-Rd-63119/home/93541732","MARIS","18088810","N","Y",38.5753865,-90.3477825,2018,655
"MLS Listing",NA,"Single Family Residential","1119 Wilmington Ave","St Louis","MO",63111,214900,3,2,"South City",1723,4269,1922,49,125,NA,"Active","","","http://www.redfin.com/MO/St-Louis/1119-Wilmington-Ave-63111/home/93708936","MARIS","18086662","N","Y",38.5655038,-90.255275,2018,656
"MLS Listing",NA,"Condo/Co-op","382 N Taylor Ave Unit 3W","St Louis","MO",63108,215000,2,2,"Central West",1070,NA,1909,98,201,350,"Active","","","http://www.redfin.com/MO/St-Louis/382-N-Taylor-Ave-63108/unit-3W/home/93786159","MARIS","18077385","N","Y",38.645975,-90.256103,2018,657
"MLS Listing",NA,"Single Family Residential","3143 Lackland Ave","St Louis","MO",63116,215000,4,2,"South City",2652,4356,1919,22,81,NA,"Active","","","http://www.redfin.com/MO/St-Louis/3143-Lackland-Ave-63116/home/93767184","MARIS","18094443","N","Y",38.6037255,-90.2661848,2018,658
"MLS Listing",NA,"Multi-Family (2-4 Unit)","3961 Shaw Blvd","St Louis","MO",63110,215000,2,2,"South City",2160,5314,1914,45,100,NA,"Active","","","http://www.redfin.com/MO/St-Louis/3961-Shaw-Blvd-63110/home/93756964","MARIS","18089180","N","Y",38.616188,-90.247381,2018,659
"MLS Listing",NA,"Single Family Residential","0 Tbb In Blvd Hts","St Louis","MO",63116,216600,2,2,"South City",1216,NA,NA,349,178,17,"Active","","","http://www.redfin.com/MO/St-Louis/0-Tbb-In-Blvd-Hts-63116/home/144905286","MARIS","18003796","N","Y",38.559479,-90.270912,2018,660
"MLS Listing",NA,"Single Family Residential","4214 Delmar Blvd","St Louis","MO",63108,217900,3,3,"Central West",1910,4835,2007,69,114,NA,"Active","","","http://www.redfin.com/MO/St-Louis/4214-Delmar-Blvd-63108/home/146874191","MARIS","18081581","N","Y",38.6467258,-90.2462096,2018,661
"MLS Listing",NA,"Condo/Co-op","17 N Taylor Ave #5","St Louis","MO",63108,219500,2,2,"Central West",1560,NA,1911,34,141,172,"Active","","","http://www.redfin.com/MO/St-Louis/17-N-Taylor-Ave-63108/unit-5/home/93724542","MARIS","18091855","N","Y",38.639925,-90.2589435,2018,662
"MLS Listing",NA,"Single Family Residential","139 W Kirkham Ave","Webster Groves","MO",63119,219500,2,3,"Webster Groves",1163,6098,1926,140,189,NA,"Active","","","http://www.redfin.com/MO/Webster-Groves/139-W-Kirkham-Ave-63119/home/84926586","MARIS","18066515","N","Y",38.597173,-90.3600703,2018,663
"MLS Listing",NA,"Condo/Co-op","5310 N Kenrick Parke Dr","St Louis","MO",63119,219900,3,3,"Affton",2023,5968,1985,31,109,470,"Active","","","http://www.redfin.com/MO/St-Louis/5310-Kenrick-Parke-Dr-63119/unit-3/home/93523459","MARIS","18092974","N","Y",38.583271,-90.332767,2018,664
"MLS Listing",NA,"Single Family Residential","2617 Arsenal St","St Louis","MO",63118,219900,2,2,"Central East",1769,5075,1886,160,124,NA,"Active","","","http://www.redfin.com/MO/St-Louis/2617-Arsenal-St-63118/home/93699146","MARIS","18061047","N","Y",38.599354,-90.2249975,2018,665
"MLS Listing",NA,"Condo/Co-op","1270 Strassner Dr #3304","St Louis","MO",63144,219900,2,2,"Brentwood",1068,610,NA,155,206,303,"Active","","","http://www.redfin.com/MO/St-Louis/1270-Strassner-Dr-63144/unit-3304/home/93328277","MARIS","18061270","N","Y",38.622371,-90.3359274,2018,666
"MLS Listing",NA,"Condo/Co-op","7571 Buckingham #1","St Louis","MO",63105,220000,2,2,"Clayton",906,1350,1937,176,243,374,"Active","","","http://www.redfin.com/MO/St-Louis/7571-Buckingham-Dr-63105/unit-1/home/62694848","MARIS","18053508","N","Y",38.640856,-90.3330094,2018,667
"MLS Listing",NA,"Condo/Co-op","1241 Strassner Dr #1306","Brentwood","MO",63144,222000,2,2,"Brentwood",1127,610,2007,153,197,303,"Active","","","http://www.redfin.com/MO/St-Louis/1241-Strassner-Dr-63144/unit-1306/home/93328822","MARIS","18060126","N","Y",38.623132,-90.3355612,2018,668
"MLS Listing",NA,"Single Family Residential","5716 Westminster Pl","St Louis","MO",63112,222500,3,3,"Central West",1528,6621,1981,38,146,28,"Active","","","http://www.redfin.com/MO/St-Louis/5716-Westminster-Pl-63112/home/62738152","MARIS","18091565","N","Y",38.652099,-90.285335,2018,669
"MLS Listing",NA,"Single Family Residential","751 Edgegrove Dr","Webster Groves","MO",63119,225000,3,2,"Webster Groves",1525,8538,1929,91,148,NA,"Active","","","http://www.redfin.com/MO/Webster-Groves/751-Edgegrove-Dr-63119/home/93507689","MARIS","18080165","N","Y",38.6022704,-90.3289359,2018,670
"For-Sale-by-Owner Listing",NA,"Multi-Family (2-4 Unit)","3115 Nebraska Ave","St. Louis","MO",63118,225000,6,4,"Saint Louis",4104,5094,1914,212,55,NA,"Active","","","http://www.redfin.com/MO/St-Louis/3115-Nebraska-Ave-63118/home/93692910","Fizber.com","4965281","N","Y",38.6003257,-90.2312636,2018,671
"MLS Listing",NA,"Single Family Residential","3549 Manhattan Ave","St Louis","MO",63143,225000,3,2,"Maplewood-Rchmnd Hts",1960,8102,1903,48,115,NA,"Active","","","http://www.redfin.com/MO/Maplewood/3549-Manhattan-Ave-63143/home/93508208","MARIS","18089159","N","Y",38.6021245,-90.3191416,2018,672
"MLS Listing",NA,"Multi-Family (2-4 Unit)","3957 Mcdonald Ave","St Louis","MO",63116,225000,2,2,"South City",3600,7144,1925,29,63,NA,"Active","","","http://www.redfin.com/MO/St-Louis/3957-McDonald-Ave-63116/home/93729379","MARIS","18093265","N","Y",38.5972876,-90.2526256,2018,673
"MLS Listing",NA,"Single Family Residential","3107 Caroline","St Louis","MO",63104,225000,3,4,"Central East",1869,6273,2003,101,120,NA,"Active","","","http://www.redfin.com/MO/St-Louis/3107-Caroline-63104/home/147253250","MARIS","18076822","N","Y",38.621108,-90.229306,2018,674
"MLS Listing",NA,"Multi-Family (2-4 Unit)","5457 Rhodes Ave","St Louis","MO",63109,227000,4,3,"South City",2000,4182,1928,19,114,NA,"Active","","","http://www.redfin.com/MO/St-Louis/5457-Rhodes-Ave-63109/home/93771319","MARIS","18094879","N","Y",38.5785898,-90.2878247,2018,675
"MLS Listing",NA,"Single Family Residential","5131 Maple Ave","St Louis","MO",63113,227000,5,4,"North",2533,5227,1894,436,90,NA,"Active","","","http://www.redfin.com/MO/St-Louis/5131-Maple-Ave-63113/home/93752525","MARIS","17079279","N","Y",38.6595373,-90.2670972,2018,676
"MLS Listing",NA,"Single Family Residential","2730 Accomac St","St Louis","MO",63104,227500,3,3,"Central East",1936,2788,1907,194,118,NA,"Active","","","http://www.redfin.com/MO/St-Louis/2730-Accomac-St-63104/home/93691177","MARIS","18050784","N","Y",38.6096002,-90.2256283,2018,677
"MLS Listing",NA,"Single Family Residential","22 Flamingo","Crestwood","MO",63123,229000,3,3,"Lindbergh",1360,11021,1952,151,168,NA,"Active","","","http://www.redfin.com/MO/St-Louis/22-Flamingo-Dr-63123/home/93562902","MARIS","18049131","N","Y",38.5637516,-90.3605483,2018,678
"MLS Listing",NA,"Multi-Family (2-4 Unit)","5025 Rhodes Ave","St Louis","MO",63109,229000,5,2,"South City",2424,4574,1925,19,94,NA,"Active","","","http://www.redfin.com/MO/St-Louis/5025-Rhodes-Ave-63109/home/93771243","MARIS","18094901","N","Y",38.5781519,-90.2834755,2018,679
"MLS Listing",NA,"Single Family Residential","4146 Castleman Ave","St Louis","MO",63110,229900,4,2,"South City",2214,NA,1899,230,104,NA,"Active","","","http://www.redfin.com/MO/St-Louis/4146-Castleman-Ave-63110/home/93747080","MARIS","18036876","N","Y",38.615201,-90.25247,2018,680
"MLS Listing",NA,"Multi-Family (2-4 Unit)","6945 Gravois Ave","St Louis","MO",63116,229900,1,1,"South City",3400,3920,1916,27,68,NA,"Active","","","http://www.redfin.com/MO/St-Louis/6945-Gravois-Ave-63116/home/93758312","MARIS","18093459","N","Y",38.5692359,-90.286503,2018,681
"MLS Listing",NA,"Single Family Residential","5009 Oleatha Ave","St Louis","MO",63139,229900,3,2,"South City",1566,4051,1927,125,147,NA,"Active","","","http://www.redfin.com/MO/St-Louis/5009-Oleatha-Ave-63139/home/93777125","MARIS","18070953","N","Y",38.5969227,-90.2760544,2018,682
"MLS Listing",NA,"Single Family Residential","9506 Arban Dr","St Louis","MO",63126,229900,3,2,"Lindbergh",1688,7884,1955,48,136,NA,"Active","","","http://www.redfin.com/MO/St-Louis/9506-Arban-Dr-63126/home/93561965","MARIS","18089717","N","Y",38.5543667,-90.377447,2018,683
"MLS Listing",NA,"Single Family Residential","7027 Berthold Ave","St Louis","MO",63117,230000,3,2,"South City",1700,4138,1912,107,135,NA,"Active","","","http://www.redfin.com/MO/St-Louis/7027-Berthold-Ave-63117/home/93740178","MARIS","18075343","N","Y",38.6312165,-90.3071777,2018,684
"MLS Listing",NA,"Condo/Co-op","900 S Hanley Rd Unit 6D","St Louis","MO",63105,230000,2,2,"Clayton",1566,1002,1964,108,147,1031,"Active","","","http://www.redfin.com/MO/Clayton/900-S-Hanley-Rd-63105/unit-6D/home/93479400","MARIS","18073996","N","Y",38.63868,-90.334825,2018,685
"MLS Listing",NA,"Single Family Residential","3117 Hampton Ave","St Louis","MO",63139,230000,5,2,"South City",2961,3703,1927,57,78,NA,"Active","","","http://www.redfin.com/MO/St-Louis/3117-Hampton-Ave-63139/home/93775869","MARIS","18088784","N","Y",38.6065799,-90.2894739,2018,686
"MLS Listing",NA,"Single Family Residential","5505 Walsh Ave","St Louis","MO",63109,234900,4,3,"South City",1788,3920,1937,147,131,NA,"Active","January-6-2019 1:00 PM","January-6-2019 3:00 PM","http://www.redfin.com/MO/St-Louis/5505-Walsh-St-63109/home/93766664","MARIS","18064345","N","Y",38.582946,-90.2875587,2018,687
"MLS Listing",NA,"Single Family Residential","5638 Oleatha Ave","St Louis","MO",63139,234900,4,2,"South City",1584,4225,1951,64,148,NA,"Active","","","http://www.redfin.com/MO/St-Louis/5638-Oleatha-Ave-63139/home/93780682","MARIS","18087233","N","Y",38.5967179,-90.2865369,2018,688
"MLS Listing",NA,"Single Family Residential","4958 Holly Hills Ave","St Louis","MO",63109,235000,3,1,"South City",1709,4835,1925,43,138,NA,"Active","","","http://www.redfin.com/MO/St-Louis/4958-Holly-Hills-Ave-63109/home/93771109","MARIS","18090896","N","Y",38.576908,-90.285389,2018,689
"MLS Listing",NA,"Single Family Residential","3169 S Grand Blvd","St Louis","MO",63118,235000,5,3,"Central East",3000,4487,1898,58,78,NA,"Active","","","http://www.redfin.com/MO/St-Louis/3169-S-Grand-Blvd-63118/home/93699801","MARIS","18088526","N","Y",38.6004953,-90.2428855,2018,690
"MLS Listing",NA,"Single Family Residential","4266 Castleman Ave","St Louis","MO",63110,235000,3,3,"South City",2131,NA,1896,84,110,NA,"Active","","","http://www.redfin.com/MO/St-Louis/4266-Castleman-Ave-63110/home/93678822","MARIS","18082074","N","Y",38.6156245,-90.2561732,2018,691
"MLS Listing",NA,"Single Family Residential","5632 Bischoff Ave","St Louis","MO",63110,235000,3,1,"South City",1012,5184,1950,152,232,NA,"Active","","","http://www.redfin.com/MO/St-Louis/5632-Bischoff-Ave-63110/home/93727065","MARIS","18062986","N","Y",38.615955,-90.2818693,2018,692
"MLS Listing",NA,"Single Family Residential","2752 Armand Pl","St Louis","MO",63104,236600,4,3,"Central East",3270,NA,1899,58,72,NA,"Active","","","http://www.redfin.com/MO/St-Louis/2752-Armand-Pl-63104/home/93785800","MARIS","18088448","N","Y",38.608748,-90.226556,2018,693
"MLS Listing",NA,"Single Family Residential","4126 Detonty St","St Louis","MO",63110,239000,2,2,"South City",1224,NA,NA,398,195,NA,"Active","","","http://www.redfin.com/MO/St-Louis/4126-De-Tonty-St-63110/home/110025299","MARIS","17093258","N","Y",38.617046,-90.2515449,2018,694
"MLS Listing",NA,"Single Family Residential","4128 Detonty St","St Louis","MO",63110,239000,2,2,"South City",1224,NA,NA,398,195,NA,"Active","","","http://www.redfin.com/MO/St-Louis/4128-De-Tonty-St-63110/home/93756996","MARIS","17093256","N","Y",38.6170519,-90.2515955,2018,695
"MLS Listing",NA,"Condo/Co-op","4242 Laclede #102","St Louis","MO",63108,239900,2,1,"Central West",1080,NA,1906,76,222,233,"Active","","","http://www.redfin.com/MO/St-Louis/4242-Laclede-Ave-63108/unit-102/home/93675345","MARIS","18083909","N","Y",38.6376896,-90.2501897,2018,696
"MLS Listing",NA,"Single Family Residential","5742 Tholozan Ave","St Louis","MO",63109,239900,3,2,"South City",1500,3964,1939,35,160,NA,"Active","","","http://www.redfin.com/MO/St-Louis/5742-Tholozan-Ave-63109/home/93780937","MARIS","18092199","N","Y",38.595437,-90.2904792,2018,697
"For-Sale-by-Owner Listing",NA,"Single Family Residential","511 Newport Ave","Webster Groves","MO",63119,239900,2,1,"Saint Louis",1076,8712,1934,71,223,NA,"Active","","","http://www.redfin.com/MO/Webster-Groves/511-Newport-Ave-63119/home/93508691","Fizber.com","4984878","N","Y",38.5991717,-90.3463674,2018,698
"MLS Listing",NA,"Single Family Residential","949 Warder Ave","St Louis","MO",63130,239900,3,3,"University City",1365,8581,1951,73,176,NA,"Active","","","http://www.redfin.com/MO/University-City/949-Warder-Ave-63130/home/93460251","MARIS","18084302","N","Y",38.666061,-90.339128,2018,699
"MLS Listing",NA,"Single Family Residential","8978 Big Bnd","St Louis","MO",63119,239900,2,2,"Webster Groves",1004,5750,1937,34,239,NA,"Active","","","http://www.redfin.com/MO/Webster-Groves/8978-Big-Bend-Blvd-63119/home/93543778","MARIS","18092533","N","Y",38.5774338,-90.3656962,2018,700
"MLS Listing",NA,"Single Family Residential","3107 Caroline","St Louis","MO",63104,225000,3,4,"Central East",1869,6273,2003,101,120,NA,"Active","","","http://www.redfin.com/MO/St-Louis/3107-Caroline-63104/home/147253250","MARIS","18076822","N","Y",38.621108,-90.229306,2018,701
"MLS Listing",NA,"Multi-Family (2-4 Unit)","3957 Mcdonald Ave","St Louis","MO",63116,225000,2,2,"South City",3600,7144,1925,29,63,NA,"Active","","","http://www.redfin.com/MO/St-Louis/3957-McDonald-Ave-63116/home/93729379","MARIS","18093265","N","Y",38.5972876,-90.2526256,2018,702
"For-Sale-by-Owner Listing",NA,"Multi-Family (2-4 Unit)","3115 Nebraska Ave","St. Louis","MO",63118,225000,6,4,"Saint Louis",4104,5094,1914,212,55,NA,"Active","","","http://www.redfin.com/MO/St-Louis/3115-Nebraska-Ave-63118/home/93692910","Fizber.com","4965281","N","Y",38.6003257,-90.2312636,2018,703
"MLS Listing",NA,"Single Family Residential","751 Edgegrove Dr","Webster Groves","MO",63119,225000,3,2,"Webster Groves",1525,8538,1929,91,148,NA,"Active","","","http://www.redfin.com/MO/Webster-Groves/751-Edgegrove-Dr-63119/home/93507689","MARIS","18080165","N","Y",38.6022704,-90.3289359,2018,704
"MLS Listing",NA,"Single Family Residential","3549 Manhattan Ave","St Louis","MO",63143,225000,3,2,"Maplewood-Rchmnd Hts",1960,8102,1903,48,115,NA,"Active","","","http://www.redfin.com/MO/Maplewood/3549-Manhattan-Ave-63143/home/93508208","MARIS","18089159","N","Y",38.6021245,-90.3191416,2018,705
"MLS Listing",NA,"Single Family Residential","5131 Maple Ave","St Louis","MO",63113,227000,5,4,"North",2533,5227,1894,436,90,NA,"Active","","","http://www.redfin.com/MO/St-Louis/5131-Maple-Ave-63113/home/93752525","MARIS","17079279","N","Y",38.6595373,-90.2670972,2018,706
"MLS Listing",NA,"Multi-Family (2-4 Unit)","5457 Rhodes Ave","St Louis","MO",63109,227000,4,3,"South City",2000,4182,1928,19,114,NA,"Active","","","http://www.redfin.com/MO/St-Louis/5457-Rhodes-Ave-63109/home/93771319","MARIS","18094879","N","Y",38.5785898,-90.2878247,2018,707
"MLS Listing",NA,"Single Family Residential","2730 Accomac St","St Louis","MO",63104,227500,3,3,"Central East",1936,2788,1907,194,118,NA,"Active","","","http://www.redfin.com/MO/St-Louis/2730-Accomac-St-63104/home/93691177","MARIS","18050784","N","Y",38.6096002,-90.2256283,2018,708
"MLS Listing",NA,"Single Family Residential","22 Flamingo","Crestwood","MO",63123,229000,3,3,"Lindbergh",1360,11021,1952,151,168,NA,"Active","","","http://www.redfin.com/MO/St-Louis/22-Flamingo-Dr-63123/home/93562902","MARIS","18049131","N","Y",38.5637516,-90.3605483,2018,709
"MLS Listing",NA,"Multi-Family (2-4 Unit)","5025 Rhodes Ave","St Louis","MO",63109,229000,5,2,"South City",2424,4574,1925,19,94,NA,"Active","","","http://www.redfin.com/MO/St-Louis/5025-Rhodes-Ave-63109/home/93771243","MARIS","18094901","N","Y",38.5781519,-90.2834755,2018,710
"MLS Listing",NA,"Single Family Residential","5009 Oleatha Ave","St Louis","MO",63139,229900,3,2,"South City",1566,4051,1927,125,147,NA,"Active","","","http://www.redfin.com/MO/St-Louis/5009-Oleatha-Ave-63139/home/93777125","MARIS","18070953","N","Y",38.5969227,-90.2760544,2018,711
"MLS Listing",NA,"Single Family Residential","4146 Castleman Ave","St Louis","MO",63110,229900,4,2,"South City",2214,NA,1899,230,104,NA,"Active","","","http://www.redfin.com/MO/St-Louis/4146-Castleman-Ave-63110/home/93747080","MARIS","18036876","N","Y",38.615201,-90.25247,2018,712
"MLS Listing",NA,"Single Family Residential","9506 Arban Dr","St Louis","MO",63126,229900,3,2,"Lindbergh",1688,7884,1955,48,136,NA,"Active","","","http://www.redfin.com/MO/St-Louis/9506-Arban-Dr-63126/home/93561965","MARIS","18089717","N","Y",38.5543667,-90.377447,2018,713
"MLS Listing",NA,"Multi-Family (2-4 Unit)","6945 Gravois Ave","St Louis","MO",63116,229900,1,1,"South City",3400,3920,1916,27,68,NA,"Active","","","http://www.redfin.com/MO/St-Louis/6945-Gravois-Ave-63116/home/93758312","MARIS","18093459","N","Y",38.5692359,-90.286503,2018,714
"MLS Listing",NA,"Single Family Residential","3117 Hampton Ave","St Louis","MO",63139,230000,5,2,"South City",2961,3703,1927,57,78,NA,"Active","","","http://www.redfin.com/MO/St-Louis/3117-Hampton-Ave-63139/home/93775869","MARIS","18088784","N","Y",38.6065799,-90.2894739,2018,715
"MLS Listing",NA,"Single Family Residential","7027 Berthold Ave","St Louis","MO",63117,230000,3,2,"South City",1700,4138,1912,107,135,NA,"Active","","","http://www.redfin.com/MO/St-Louis/7027-Berthold-Ave-63117/home/93740178","MARIS","18075343","N","Y",38.6312165,-90.3071777,2018,716
"MLS Listing",NA,"Condo/Co-op","900 S Hanley Rd Unit 6D","St Louis","MO",63105,230000,2,2,"Clayton",1566,1002,1964,108,147,1031,"Active","","","http://www.redfin.com/MO/Clayton/900-S-Hanley-Rd-63105/unit-6D/home/93479400","MARIS","18073996","N","Y",38.63868,-90.334825,2018,717
"MLS Listing",NA,"Single Family Residential","5505 Walsh Ave","St Louis","MO",63109,234900,4,3,"South City",1788,3920,1937,147,131,NA,"Active","January-6-2019 1:00 PM","January-6-2019 3:00 PM","http://www.redfin.com/MO/St-Louis/5505-Walsh-St-63109/home/93766664","MARIS","18064345","N","Y",38.582946,-90.2875587,2018,718
"MLS Listing",NA,"Single Family Residential","5638 Oleatha Ave","St Louis","MO",63139,234900,4,2,"South City",1584,4225,1951,64,148,NA,"Active","","","http://www.redfin.com/MO/St-Louis/5638-Oleatha-Ave-63139/home/93780682","MARIS","18087233","N","Y",38.5967179,-90.2865369,2018,719
"MLS Listing",NA,"Single Family Residential","4958 Holly Hills Ave","St Louis","MO",63109,235000,3,1,"South City",1709,4835,1925,43,138,NA,"Active","","","http://www.redfin.com/MO/St-Louis/4958-Holly-Hills-Ave-63109/home/93771109","MARIS","18090896","N","Y",38.576908,-90.285389,2018,720
"MLS Listing",NA,"Single Family Residential","5632 Bischoff Ave","St Louis","MO",63110,235000,3,1,"South City",1012,5184,1950,152,232,NA,"Active","","","http://www.redfin.com/MO/St-Louis/5632-Bischoff-Ave-63110/home/93727065","MARIS","18062986","N","Y",38.615955,-90.2818693,2018,721
"MLS Listing",NA,"Single Family Residential","4266 Castleman Ave","St Louis","MO",63110,235000,3,3,"South City",2131,NA,1896,84,110,NA,"Active","","","http://www.redfin.com/MO/St-Louis/4266-Castleman-Ave-63110/home/93678822","MARIS","18082074","N","Y",38.6156245,-90.2561732,2018,722
"MLS Listing",NA,"Single Family Residential","3169 S Grand Blvd","St Louis","MO",63118,235000,5,3,"Central East",3000,4487,1898,58,78,NA,"Active","","","http://www.redfin.com/MO/St-Louis/3169-S-Grand-Blvd-63118/home/93699801","MARIS","18088526","N","Y",38.6004953,-90.2428855,2018,723
"MLS Listing",NA,"Single Family Residential","2752 Armand Pl","St Louis","MO",63104,236600,4,3,"Central East",3270,NA,1899,58,72,NA,"Active","","","http://www.redfin.com/MO/St-Louis/2752-Armand-Pl-63104/home/93785800","MARIS","18088448","N","Y",38.608748,-90.226556,2018,724
"MLS Listing",NA,"Single Family Residential","4126 Detonty St","St Louis","MO",63110,239000,2,2,"South City",1224,NA,NA,398,195,NA,"Active","","","http://www.redfin.com/MO/St-Louis/4126-De-Tonty-St-63110/home/110025299","MARIS","17093258","N","Y",38.617046,-90.2515449,2018,725
"MLS Listing",NA,"Single Family Residential","4128 Detonty St","St Louis","MO",63110,239000,2,2,"South City",1224,NA,NA,398,195,NA,"Active","","","http://www.redfin.com/MO/St-Louis/4128-De-Tonty-St-63110/home/93756996","MARIS","17093256","N","Y",38.6170519,-90.2515955,2018,726
"MLS Listing",NA,"Single Family Residential","5119 Mccausland Ave","St Louis","MO",63109,239900,2,2,"South City",1061,8364,1952,85,226,NA,"Active","","","http://www.redfin.com/MO/St-Louis/5119-McCausland-Ave-63109/home/93781549","MARIS","18081263","N","Y",38.5846866,-90.3104649,2018,727
"MLS Listing",NA,"Condo/Co-op","4242 Laclede #102","St Louis","MO",63108,239900,2,1,"Central West",1080,NA,1906,76,222,233,"Active","","","http://www.redfin.com/MO/St-Louis/4242-Laclede-Ave-63108/unit-102/home/93675345","MARIS","18083909","N","Y",38.6376896,-90.2501897,2018,728
"MLS Listing",NA,"Single Family Residential","2653 Shenandoah Ave","St Louis","MO",63104,239900,3,3,"Central East",1956,3136,1890,12,123,NA,"Active","January-6-2019 1:00 PM","January-6-2019 4:00 PM","http://www.redfin.com/MO/St-Louis/2653-Shenandoah-Ave-63104/home/93690834","MARIS","18095154","N","Y",38.608029,-90.2244873,2018,729
"MLS Listing",NA,"Single Family Residential","2826 Missouri Ave","St Louis","MO",63118,239900,3,3,"Central East",2074,3223,1868,77,116,NA,"Active","","","http://www.redfin.com/MO/St-Louis/2826-Missouri-Ave-63118/home/93691586","MARIS","18082600","N","Y",38.601616,-90.2211504,2018,730
"MLS Listing",NA,"Single Family Residential","8978 Big Bnd","St Louis","MO",63119,239900,2,2,"Webster Groves",1004,5750,1937,34,239,NA,"Active","","","http://www.redfin.com/MO/Webster-Groves/8978-Big-Bend-Blvd-63119/home/93543778","MARIS","18092533","N","Y",38.5774338,-90.3656962,2018,731
"MLS Listing",NA,"Single Family Residential","6150 W Park Ave","St Louis","MO",63139,239900,4,2,"South City",864,6625,1958,56,278,NA,"Active","","","http://www.redfin.com/MO/St-Louis/6150-W-Park-Ave-63139/home/93726324","MARIS","18088873","N","Y",38.6266139,-90.289574,2018,732
"MLS Listing",NA,"Single Family Residential","1126 Des Peres Ave","Rock Hill","MO",63119,239900,2,2,"Webster Groves",1248,8999,1960,50,192,NA,"Active","","","http://www.redfin.com/MO/St-Louis/1126-Des-Peres-Ave-63119/home/62738852","MARIS","18065703","N","Y",38.6110909,-90.3791575,2018,733
"MLS Listing",NA,"Single Family Residential","949 Warder Ave","St Louis","MO",63130,239900,3,3,"University City",1365,8581,1951,73,176,NA,"Active","","","http://www.redfin.com/MO/University-City/949-Warder-Ave-63130/home/93460251","MARIS","18084302","N","Y",38.666061,-90.339128,2018,734
"MLS Listing",NA,"Single Family Residential","1220 Buck Ave","St Louis","MO",63117,239900,3,1,"Clayton",1040,7623,1951,76,231,NA,"Active","","","http://www.redfin.com/MO/Richmond-Heights/1220-Buck-Ave-63117/home/93490252","MARIS","18083263","N","Y",38.6319507,-90.3395784,2018,735
"For-Sale-by-Owner Listing",NA,"Single Family Residential","511 Newport Ave","Webster Groves","MO",63119,239900,2,1,"Saint Louis",1076,8712,1934,71,223,NA,"Active","","","http://www.redfin.com/MO/Webster-Groves/511-Newport-Ave-63119/home/93508691","Fizber.com","4984878","N","Y",38.5991717,-90.3463674,2018,736
"MLS Listing",NA,"Single Family Residential","5742 Tholozan Ave","St Louis","MO",63109,239900,3,2,"South City",1500,3964,1939,35,160,NA,"Active","","","http://www.redfin.com/MO/St-Louis/5742-Tholozan-Ave-63109/home/93780937","MARIS","18092199","N","Y",38.595437,-90.2904792,2018,737
"MLS Listing",NA,"Single Family Residential","6137 Westminster","St Louis","MO",63112,240000,6,2,"Central West",2363,4356,1907,164,102,NA,"Active","","","http://www.redfin.com/MO/St-Louis/6137-Westminster-Pl-63112/home/93760468","MARIS","18059501","N","Y",38.6536359,-90.2977071,2018,738
"MLS Listing",NA,"Multi-Family (2-4 Unit)","2118 Cleveland Pl","St Louis","MO",63110,240000,4,4.5,"South City",2816,3398,1926,30,85,NA,"Active","","","http://www.redfin.com/MO/St-Louis/2118-Cleveland-Pl-63110/home/93773200","MARIS","18093245","N","Y",38.6136215,-90.2636169,2018,739
"MLS Listing",NA,"Single Family Residential","840 Marshall Ave","St Louis","MO",63119,242400,3,2,"Webster Groves",1600,6839,1920,76,152,NA,"Active","","","http://www.redfin.com/MO/Webster-Groves/840-Marshall-Ave-63119/home/62736284","MARIS","18084024","N","Y",38.6036199,-90.3356088,2018,740
"MLS Listing",NA,"Single Family Residential","4368 Enright Ave","St Louis","MO",63108,244000,5,7,"Central West",2560,4966,1890,24,95,NA,"Active","","","http://www.redfin.com/MO/St-Louis/4368-Enright-Ave-63108/home/93739785","MARIS","18094024","N","Y",38.6494873,-90.2495834,2018,741
"MLS Listing",NA,"Single Family Residential","3931 Humphrey","St Louis","MO",63116,244900,3,2,"South City",1620,3790,1908,97,151,NA,"Active","","","http://www.redfin.com/MO/St-Louis/3931-Humphrey-St-63116/home/93729562","MARIS","18078894","N","Y",38.5991009,-90.2514168,2018,742
"MLS Listing",NA,"Single Family Residential","4064 Arsenal St","St Louis","MO",63116,245000,3,2,"South City",1824,3049,1913,1,134,NA,"Active","","","http://www.redfin.com/MO/St-Louis/4064-Arsenal-St-63116/home/93681851","MARIS","19000064","N","Y",38.6037716,-90.2548256,2018,743
"MLS Listing",NA,"Condo/Co-op","900 S Hanley Unit 3E","Clayton","MO",63105,245000,2,2,"Clayton",1620,958,1964,63,151,952,"Active","","","http://www.redfin.com/MO/Clayton/900-S-Hanley-Rd-63105/unit-3E/home/84994102","MARIS","18073842","N","Y",38.63868,-90.334825,2018,744
"MLS Listing",NA,"Single Family Residential","2640 Minnesota Ave","St Louis","MO",63118,245000,3,3,"Central East",1800,3136,1912,203,136,NA,"Active","","","http://www.redfin.com/MO/St-Louis/2640-Minnesota-Ave-63118/home/93699506","MARIS","18045062","N","Y",38.6056635,-90.2320057,2018,745
"MLS Listing",NA,"Single Family Residential","3329 Minnesota Ave","St Louis","MO",63118,245500,3,3,"Central East",1868,NA,1900,41,131,NA,"Active","","","http://www.redfin.com/MO/St-Louis/3329-Minnesota-Ave-63118/home/93693453","MARIS","18091451","N","Y",38.5954504,-90.2346421,2018,746
"MLS Listing",NA,"Single Family Residential","3972 Utah St","St Louis","MO",63116,245900,2,3,"South City",1774,5358,1913,90,139,NA,"Active","","","http://www.redfin.com/MO/St-Louis/3972-Utah-St-63116/home/62773213","MARIS","18055691","N","Y",38.597944,-90.2531113,2018,747
"MLS Listing",NA,"Single Family Residential","3627 Tamm Ave","St Louis","MO",63109,247000,4,3,"South City",1664,5227,1939,138,148,NA,"Active","","","http://www.redfin.com/MO/St-Louis/3627-Tamm-Ave-63109/home/93778455","MARIS","18066806","N","Y",38.5964435,-90.2985322,2018,748
"MLS Listing",NA,"Condo/Co-op","422 Lake Ave #5","St Louis","MO",63108,247400,2,2,"Central West",1009,NA,1901,99,245,190,"Active","","","http://www.redfin.com/MO/St-Louis/422-Lake-Ave-63108/unit-5/home/93745981","MARIS","18076747","N","Y",38.64825,-90.2701266,2018,749
"MLS Listing",NA,"Single Family Residential","6801 Arthur Ave","St Louis","MO",63139,249000,3,2,"South City",1653,8276,1925,17,151,NA,"Active","January-6-2019 1:00 PM","January-6-2019 3:00 PM","http://www.redfin.com/MO/St-Louis/6801-Arthur-Ave-63139/home/93743408","MARIS","18094971","N","Y",38.6025527,-90.3060769,2018,750
"MLS Listing",NA,"Multi-Family (2-4 Unit)","4930 Wise Ave","St Louis","MO",63110,249000,4,4,"South City",NA,5489,1919,140,NA,NA,"Active","","","http://www.redfin.com/MO/St-Louis/4930-Wise-Ave-63110/home/93726650","MARIS","18065744","N","Y",38.626215,-90.266225,2018,751
"MLS Listing",NA,"Single Family Residential","3857 Lafayette Ave","St Louis","MO",63110,249900,3,3,"South City",1547,4095,1916,99,162,NA,"Active","","","http://www.redfin.com/MO/St-Louis/3857-Lafayette-Ave-63110/home/93760765","MARIS","18075331","N","Y",38.6178013,-90.2443488,2018,752
"MLS Listing",NA,"Single Family Residential","8619 White Ave","St Louis","MO",63144,249900,3,2,"Brentwood",1368,7144,NA,220,183,NA,"Active","","","http://www.redfin.com/MO/Brentwood/8619-White-Ave-63144/home/93499742","MARIS","18042018","N","Y",38.619963,-90.342391,2018,753
"For-Sale-by-Owner Listing",NA,"Single Family Residential","2818 Salena St","St. Louis","MO",63118,249900,3,3.5,"Saint Louis",2664,3179,1887,273,94,NA,"Active","","","http://www.redfin.com/MO/St-Louis/2818-Salena-St-63118/home/93691612","Fizber.com","4956608","N","Y",38.6008823,-90.2178105,2018,754
"MLS Listing",NA,"Single Family Residential","5 Hortus Ct","St Louis","MO",63110,249900,2,1,"South City",1344,3006,1922,19,186,NA,"Active","January-6-2019 1:00 PM","January-6-2019 3:00 PM","http://www.redfin.com/MO/St-Louis/5-Hortus-Ct-63110/home/93746402","MARIS","18094781","N","Y",38.6093993,-90.2534717,2018,755
"MLS Listing",NA,"Single Family Residential","7832 Kenridge","St Louis","MO",63119,249900,4,3,"Affton",1470,7971,1949,140,170,NA,"Active","","","http://www.redfin.com/MO/St-Louis/7832-Kenridge-Ln-63119/home/93526132","MARIS","18066486","N","Y",38.5868294,-90.3363592,2018,756
"MLS Listing",NA,"Single Family Residential","2018 Urban Dr","Brentwood","MO",63144,250000,4,2,"Brentwood",1440,NA,NA,60,174,NA,"Active","","","http://www.redfin.com/MO/Brentwood/2018-Urban-Dr-63144/home/62717639","MARIS","18088142","N","Y",38.62304,-90.346664,2018,757
"MLS Listing",NA,"Single Family Residential","606 Rayburn Ave","St Louis","MO",63126,250000,3,3,"Lindbergh",1256,10716,1959,41,199,NA,"Active","","","http://www.redfin.com/MO/St-Louis/606-Rayburn-Ave-63126/home/93563256","MARIS","18091337","N","Y",38.5593792,-90.3937642,2018,758
"MLS Listing",NA,"Multi-Family (5+ Unit)","4226 Neosho","St Louis","MO",63116,250000,NA,NA,"South City",NA,8756,1929,216,NA,NA,"Active","","","http://www.redfin.com/MO/St-Louis/4226-Neosho-St-63116/home/93772494","MARIS","18044570","N","Y",38.5841008,-90.2650301,2018,759
"MLS Listing",NA,"Multi-Family (2-4 Unit)","3926 Utah","St Louis","MO",63116,250000,4,4,"South City",3858,6490,1914,8,65,NA,"Active","","","http://www.redfin.com/MO/St-Louis/3926-Utah-63116/home/148557489","MARIS","18095483","N","Y",38.597744,-90.251614,2018,760
"MLS Listing",NA,"Condo/Co-op","1831 Sidney St Unit G","St Louis","MO",63104,250000,2,2,"Central East",1858,NA,1892,48,135,560,"Active","January-6-2019 1:00 PM","January-6-2019 3:00 PM","http://www.redfin.com/MO/St-Louis/1831-Sidney-St-63104/unit-G/home/93671839","MARIS","18089588","N","Y",38.6033338,-90.2154478,2018,761
"MLS Listing",NA,"Single Family Residential","3651 Roswell Ave","St Louis","MO",63116,250000,3,2,"South City",1550,6011,1914,62,161,NA,"Active","","","http://www.redfin.com/MO/St-Louis/3651-Roswell-Ave-63116/home/93711739","MARIS","18087943","N","Y",38.557399,-90.2659834,2018,762
"MLS Listing",NA,"Condo/Co-op","701 S Skinker #603","St Louis","MO",63105,250000,2,2,"Central West",1600,NA,1927,14,156,988,"Active","","","http://www.redfin.com/MO/St-Louis/701-S-Skinker-Blvd-63105/unit-603/home/93773890","MARIS","18094503","N","Y",38.6368579,-90.3051,2018,763
"New Construction Plan",NA,"Single Family Residential","Keystone","Saint Louis","MO",63127,250947,4,2.5,"Sunset Manor",NA,NA,NA,NA,NA,NA,"Active","","","http://www.redfin.com/MO/St-Louis/Sunset-Manor/Keystone/home/108851012","NewHomeSource.com","Plan-60822053","N","Y",38.5573355,-90.4002638,2018,764
"MLS Listing",NA,"Single Family Residential","3725 Humphrey St","St Louis","MO",63116,255000,4,2,"South City",1824,4356,1905,90,140,NA,"Active","","","http://www.redfin.com/MO/St-Louis/3725-Humphrey-St-63116/home/93700067","MARIS","18079613","N","Y",38.598758,-90.2463503,2018,765
"MLS Listing",NA,"Single Family Residential","5540 Goethe Ave","St Louis","MO",63109,255000,4,1,"South City",1272,4312,1930,114,200,NA,"Active","","","http://www.redfin.com/MO/St-Louis/5540-Goethe-Ave-63109/home/93771332","MARIS","18073260","N","Y",38.5800663,-90.2892037,2018,766
"MLS Listing",NA,"Single Family Residential","7662 General Grant","St Louis","MO",63123,259500,3,2,"Lindbergh",1400,7187,1960,1,185,NA,"Active","","","http://www.redfin.com/MO/St-Louis/7662-General-Grant-Ct-63123/home/62744839","MARIS","18095646","N","Y",38.5560183,-90.3542246,2018,767
"MLS Listing",NA,"Multi-Family (2-4 Unit)","4120 Blaine Ave Ave","St Louis","MO",63110,259900,9,6,"South City",5266,6752,1898,121,49,NA,"Active","","","http://www.redfin.com/MO/St-Louis/4120-Blaine-Ave-63110/home/93747489","MARIS","18071440","N","Y",38.6198979,-90.2509663,2018,768
"MLS Listing",NA,"Single Family Residential","2044 Geyer Ave","St Louis","MO",63104,259900,3,3,"Central East",2035,3267,1911,21,128,NA,"Active","January-6-2019 1:00 PM","January-6-2019 4:00 PM","http://www.redfin.com/MO/St-Louis/2044-Geyer-Ave-63104/home/109912673","MARIS","18093985","N","Y",38.6114223,-90.2162738,2018,769
"MLS Listing",NA,"Single Family Residential","3 Girard Dr","Webster Groves","MO",63119,259900,3,2,"Webster Groves",1398,8494,1947,129,186,NA,"Active","January-6-2019 12:00 PM","January-6-2019 2:00 PM","http://www.redfin.com/MO/Webster-Groves/3-Girard-Dr-63119/home/93540973","MARIS","18069771","N","Y",38.567416,-90.34808,2018,770
"MLS Listing",NA,"Single Family Residential","4007 Shaw Blvd","St Louis","MO",63110,259900,3,3,"South City",2512,4312,1914,181,103,NA,"Active","","","http://www.redfin.com/MO/St-Louis/4007-Shaw-Blvd-63110/home/93676189","MARIS","18053178","N","Y",38.6161948,-90.2482349,2018,771
"MLS Listing",NA,"Single Family Residential","4953 Columbia Ave","St Louis","MO",63139,259900,4,2,"South City",1653,6229,1918,91,157,NA,"Active","","","http://www.redfin.com/MO/St-Louis/4953-Columbia-Ave-63139/home/93744331","MARIS","18066580","N","Y",38.6106959,-90.2701991,2018,772
"MLS Listing",NA,"Multi-Family (5+ Unit)","820 Hamilton Ave","St Louis","MO",63112,260000,NA,NA,"Central West",9360,NA,1910,19,28,NA,"Active","","","http://www.redfin.com/MO/St-Louis/820-Hamilton-Ave-63112/home/93678983","MARIS","18093618","N","Y",38.6575789,-90.2899015,2018,773
"MLS Listing",NA,"Single Family Residential","1723 Simpson Pl","St Louis","MO",63104,260000,3,3,"Central East",1710,3136,1931,51,152,NA,"Active","","","http://www.redfin.com/MO/St-Louis/1723-Simpson-Pl-63104/home/62734279","MARIS","18088841","N","Y",38.6137167,-90.2182052,2018,774
"MLS Listing",NA,"Single Family Residential","4124 Botanical Ave","St Louis","MO",63110,260000,4,2,"South City",2872,4748,1913,91,91,NA,"Active","","","http://www.redfin.com/MO/St-Louis/4124-Botanical-Ave-63110/home/93746382","MARIS","18079433","N","Y",38.6096687,-90.252598,2018,775
"MLS Listing",NA,"Single Family Residential","3925 Humphrey St","St Louis","MO",63116,260000,3,3,"South City",1426,3615,1908,63,182,NA,"Active","","","http://www.redfin.com/MO/St-Louis/3925-Humphrey-St-63116/home/93729556","MARIS","18087516","N","Y",38.599137,-90.251166,2018,776
"MLS Listing",NA,"Single Family Residential","5408 Delor St","St Louis","MO",63109,264900,4,3,"South City",1470,3790,1936,99,180,NA,"Active","","","http://www.redfin.com/MO/St-Louis/5408-Delor-St-63109/home/93766757","MARIS","18077438","N","Y",38.5831874,-90.2852918,2018,777
"MLS Listing",NA,"Multi-Family (2-4 Unit)","2113 Cleveland Pl","St Louis","MO",63110,264900,4,4,"South City",2816,6229,1926,225,94,NA,"Active","","","http://www.redfin.com/MO/St-Louis/2113-Cleveland-Pl-63110/home/93773201","MARIS","18040850","N","Y",38.6137002,-90.2637805,2018,778
"MLS Listing",NA,"Condo/Co-op","4100 Forest Park Ave #122","St Louis","MO",63108,265000,1,2,"Central West",1108,NA,2008,118,239,349,"Active","","","http://www.redfin.com/MO/St-Louis/4100-Forest-Park-Ave-63108/unit-122/home/93680667","MARIS","18072241","N","Y",38.6357657,-90.2471558,2018,779
"MLS Listing",NA,"Single Family Residential","0 Marquette Model","St Louis","MO",63104,266900,3,3,"Central East",2304,NA,NA,346,116,NA,"Active","","","http://www.redfin.com/MO/St-Louis/0-Marquette-Model-63104/home/146203760","MARIS","18004059","N","Y",38.616939,-90.23282,2018,780
"MLS Listing",NA,"Single Family Residential","3140 Harlequin","St Louis","MO",63139,269900,3,3,"South City",2005,8015,1989,108,135,NA,"Active","","","http://www.redfin.com/MO/St-Louis/3140-Harlequin-Ln-63139/home/93786863","MARIS","18074821","N","Y",38.6052163,-90.2829868,2018,781
"MLS Listing",NA,"Single Family Residential","5621 Rosa Ave","St Louis","MO",63109,269900,4,2,"South City",1910,4138,1935,44,141,NA,"Active","","","http://www.redfin.com/MO/St-Louis/5621-Rosa-Ave-63109/home/93779191","MARIS","18088662","N","Y",38.5814652,-90.2901978,2018,782
"MLS Listing",NA,"Single Family Residential","6547 Devonshire Ave","St Louis","MO",63109,270000,3,2,"South City",1900,4574,1938,254,142,NA,"Active","","","http://www.redfin.com/MO/St-Louis/6547-Devonshire-Ave-63109/home/93779520","MARIS","18032092","N","Y",38.5900411,-90.3051314,2018,783
"MLS Listing",NA,"Single Family Residential","5830 Westminster Pl","St Louis","MO",63112,270000,4,3,"Central West",2544,3615,1915,123,106,NA,"Active","","","http://www.redfin.com/MO/St-Louis/5830-Westminster-Pl-63112/home/62720557","MARIS","18071416","N","Y",38.652485,-90.2902265,2018,784
"MLS Listing",NA,"Condo/Co-op","9 N Euclid Ave #511","St Louis","MO",63108,270000,1,1,"Central West",850,NA,2010,245,318,313,"Active","","","http://www.redfin.com/MO/St-Louis/9-N-Euclid-Ave-63108/unit-511/home/88445555","MARIS","18034887","N","Y",38.6406594,-90.2622495,2018,785
"MLS Listing",NA,"Condo/Co-op","4101 Laclede Ave #204","St Louis","MO",63108,270000,1,2,"Central West",949,33106,NA,328,285,342,"Active","","","http://www.redfin.com/MO/St-Louis/4101-Laclede-Ave-63108/unit-204/home/143570386","MARIS","17093753","N","Y",38.637596,-90.246949,2018,786
"MLS Listing",NA,"Single Family Residential","3640 Russell Blvd","St Louis","MO",63110,270000,5,2,"South City",2658,3703,1895,56,102,NA,"Active","","","http://www.redfin.com/MO/St-Louis/3640-Russell-Blvd-63110/home/93747357","MARIS","18089094","N","Y",38.6134271,-90.2416306,2018,787
"MLS Listing",NA,"Multi-Family (5+ Unit)","5804 Cates Ave","St Louis","MO",63112,270000,NA,NA,"Central West",20769,14331,1923,19,13,NA,"Active","","","http://www.redfin.com/MO/St-Louis/5804-Cates-Ave-63112/home/144278096","MARIS","18093568","N","Y",38.6574556,-90.2866642,2018,788
"MLS Listing",NA,"Single Family Residential","126 Plant Ave","Webster Groves","MO",63119,274900,3,2,"Webster Groves",1540,6098,1925,133,179,NA,"Active","","","http://www.redfin.com/MO/Webster-Groves/126-Plant-Ave-63119/home/93525640","MARIS","18067274","N","Y",38.589446,-90.352703,2018,789
"MLS Listing",NA,"Single Family Residential","4038 Delmar Blvd","St Louis","MO",63108,274900,4,4,"Central West",1438,4051,2017,65,191,NA,"Active","","","http://www.redfin.com/MO/St-Louis/4038-Delmar-Blvd-63108/home/146873855","MARIS","18086855","N","Y",38.644715,-90.241652,2018,790
"MLS Listing",NA,"Multi-Family (2-4 Unit)","7330 Dartmouth Ave","St Louis","MO",63130,275000,6,2,"University City",3008,4008,1950,224,91,NA,"Active","","","http://www.redfin.com/MO/University-City/7330-Dartmouth-Ave-63130/home/93457204","MARIS","18038816","N","Y",38.662978,-90.326475,2018,791
"MLS Listing",NA,"Single Family Residential","914 Hamilton Ave","St Louis","MO",63112,275000,4,5,"Central West",2024,8364,2007,85,136,NA,"Active","","","http://www.redfin.com/MO/St-Louis/914-Hamilton-Ave-63112/home/93678610","MARIS","18081597","N","Y",38.659406,-90.2895025,2018,792
"MLS Listing",NA,"Condo/Co-op","610 Forest Ct #3","Clayton","MO",63105,275000,2,2,"Clayton",916,1089,1940,318,300,260,"Active","","","http://www.redfin.com/MO/St-Louis/610-Forest-Ct-63105/unit-3/home/93327432","MARIS","17089135","N","Y",38.6425507,-90.3338047,2018,793
"MLS Listing",NA,"Multi-Family (2-4 Unit)","4202 Folsom Ave","St Louis","MO",63110,275000,4,2.5,"South City",2332,12807,1912,146,118,NA,"Active","","","http://www.redfin.com/MO/St-Louis/4202-Folsom-Ave-63110/home/93747549","MARIS","18064771","N","Y",38.6209793,-90.2531113,2018,794
"MLS Listing",NA,"Single Family Residential","7358 La Veta Ave","Richmond Heights","MO",63117,275000,3,2,"Maplewood-Rchmnd Hts",1536,6490,1921,1,179,NA,"Active","","","http://www.redfin.com/MO/Richmond-Heights/7358-La-Veta-Ave-63117/home/93486859","MARIS","19000260","N","Y",38.62368,-90.315428,2018,795
"MLS Listing",NA,"Single Family Residential","6928 Hillsland Ave","St Louis","MO",63109,275000,3,2,"South City",1750,4400,1940,49,157,NA,"Active","","","http://www.redfin.com/MO/St-Louis/6928-Hillsland-Ave-63109/home/93781364","MARIS","18090144","N","Y",38.5891559,-90.3104649,2018,796
"MLS Listing",NA,"Single Family Residential","451 Linum Ln","Webster Groves","MO",63119,275000,3,2,"Webster Groves",1834,15333,1952,28,150,NA,"Active","","","http://www.redfin.com/MO/Webster-Groves/451-Linum-Ln-63119/home/93542694","MARIS","18093546","N","Y",38.5676788,-90.3704586,2018,797
"MLS Listing",NA,"Single Family Residential","508 Plateau Ave","St Louis","MO",63119,275000,3,2,"Webster Groves",1550,13504,1917,1,177,NA,"Active","","","http://www.redfin.com/MO/Webster-Groves/508-Plateau-Ave-63119/home/93508771","MARIS","19000421","N","Y",38.600383,-90.3592819,2018,798
"New Construction Plan",NA,"Single Family Residential","Lansford - Manor","Affton","MO",63123,278900,3,2,"The Manors at MacKenzie Valley",1302,NA,NA,NA,214,NA,"Active","","","http://www.redfin.com/MO/St-Louis/The-Manors-at-MacKenzie-Valley/Lansford-Manor/home/144477821","NewHomeSource.com","Plan-61458905","N","Y",38.5594322,-90.3232119,2018,799
"MLS Listing",NA,"Single Family Residential","2757 Wyoming St","St Louis","MO",63118,279000,3,2,"Central East",2770,3136,1890,112,101,NA,"Active","","","http://www.redfin.com/MO/St-Louis/2757-Wyoming-St-63118/home/93684478","MARIS","18072828","N","Y",38.5975423,-90.2291015,2018,800
"MLS Listing",NA,"Single Family Residential","5849 Cates Ave","St Louis","MO",63112,279500,6,4,"Central West",2998,9496,1899,197,93,NA,"Active","","","http://www.redfin.com/MO/St-Louis/5849-Cates-Ave-63112/home/93683201","MARIS","18049918","N","Y",38.6580993,-90.2879244,2018,801
"MLS Listing",NA,"Multi-Family (2-4 Unit)","7080 Mitchell Ave","St Louis","MO",63117,279900,4,4,"Maplewood-Rchmnd Hts",2720,3049,1928,69,103,NA,"Active","","","http://www.redfin.com/MO/Richmond-Heights/7080-Mitchell-Ave-63117/home/93487185","MARIS","18086174","N","Y",38.6230531,-90.3110524,2018,802
"MLS Listing",NA,"Single Family Residential","5932 Pershing Ave","St Louis","MO",63112,279900,4,3,"Central West",2232,3136,1912,36,125,NA,"Active","","","http://www.redfin.com/MO/St-Louis/5932-Pershing-Ave-63112/home/62767786","MARIS","18091933","N","Y",38.648998,-90.293372,2018,803
"MLS Listing",NA,"Single Family Residential","3325 Saint Vincent Ave","St Louis","MO",63104,279900,3,4,"Central East",1448,4051,1911,21,193,NA,"Active","","","http://www.redfin.com/MO/St-Louis/3325-St-Vincent-Ave-63104/home/93689472","MARIS","18094635","N","Y",38.6193365,-90.2337971,2018,804
"MLS Listing",NA,"Single Family Residential","5644 Maple Ave","St Louis","MO",63112,279900,4,4,"Central West",1780,3267,1903,70,157,NA,"Active","","","http://www.redfin.com/MO/St-Louis/5644-Maple-Ave-63112/home/93709840","MARIS","18086154","N","Y",38.6604066,-90.282875,2018,805
"MLS Listing",NA,"Single Family Residential","3842 Federer Pl","St Louis","MO",63116,279900,3,2,"South City",1933,7275,1929,71,145,NA,"Active","","","http://www.redfin.com/MO/St-Louis/3842-Federer-St-63116/home/93773586","MARIS","18083938","N","Y",38.5652005,-90.2627194,2018,806
"MLS Listing",NA,"Single Family Residential","7464 Gannon Ave","St Louis","MO",63130,279900,2,1,"University City",1100,5184,1930,5,254,NA,"Active","January-6-2019 1:00 PM","January-6-2019 3:00 PM","http://www.redfin.com/MO/University-City/7464-Gannon-Ave-63130/home/93469231","MARIS","18096114","N","Y",38.659399,-90.331487,2018,807
"MLS Listing",NA,"Multi-Family (2-4 Unit)","7076 Mitchell Ave","St Louis","MO",63117,279900,3,3,"Maplewood-Rchmnd Hts",2666,3049,1928,69,105,NA,"Active","","","http://www.redfin.com/MO/Richmond-Heights/7076-Mitchell-Ave-63117/home/93487186","MARIS","18086167","N","Y",38.6230499,-90.3109311,2018,808
"MLS Listing",NA,"Single Family Residential","3863 Mcdonald Ave","St Louis","MO",63116,279900,3,3,"South City",2120,4008,1909,55,132,NA,"Active","January-6-2019 1:00 PM","January-6-2019 3:00 PM","http://www.redfin.com/MO/St-Louis/3863-McDonald-Ave-63116/home/93699961","MARIS","18083837","N","Y",38.5968878,-90.2493514,2018,809
"MLS Listing",NA,"Condo/Co-op","4540 Laclede Ave #308","St Louis","MO",63108,280000,2,2,"Central West",1300,NA,1983,225,215,417,"Active","","","http://www.redfin.com/MO/St-Louis/4540-Laclede-Ave-63108/unit-308/home/147276488","MARIS","18041059","N","Y",38.6396684,-90.2604639,2018,810
"MLS Listing",NA,"Single Family Residential","5025 Enright Ave","St Louis","MO",63108,280000,5,3,"Central West",4250,4269,1897,113,66,NA,"Active","","","http://www.redfin.com/MO/St-Louis/5025-Enright-Ave-63108/home/93744562","MARIS","18072273","N","Y",38.6530343,-90.2643492,2018,811
"MLS Listing",NA,"Multi-Family (5+ Unit)","3648 Shenandoah Ave","St Louis","MO",63110,285000,NA,NA,"South City",2903,3093,1906,219,98,NA,"Active","","","http://www.redfin.com/MO/St-Louis/3648-Shenandoah-Ave-63110/home/93699825","MARIS","18042507","N","Y",38.6095666,-90.2426991,2018,812
"MLS Listing",NA,"Condo/Co-op","4100 Forest Park Ave #205","St Louis","MO",63108,287500,2,2,"Central West",1481,NA,2008,192,194,466,"Active","","","http://www.redfin.com/MO/St-Louis/4100-Forest-Park-Ave-63108/unit-205/home/76811460","MARIS","18050892","N","Y",38.6357657,-90.2471558,2018,813
"MLS Listing",NA,"Single Family Residential","9232 Crawford Ave","Rock Hill","MO",63144,287900,3,2,"Webster Groves",1506,NA,1936,44,191,NA,"Active","","","http://www.redfin.com/MO/St-Louis/9232-Crawford-Ave-63144/home/93498689","MARIS","18091204","N","Y",38.6144288,-90.357407,2018,814
"MLS Listing",NA,"Condo/Co-op","4937 Laclede Ave Unit 1W","St Louis","MO",63108,289000,2,2,"Central West",1548,NA,1909,188,187,350,"Active","","","http://www.redfin.com/MO/St-Louis/4937-Laclede-Ave-63108/unit-1W/home/146889725","MARIS","18052439","N","Y",38.640835,-90.263377,2018,815
"MLS Listing",NA,"Multi-Family (2-4 Unit)","4537 Swan Ave","St Louis","MO",63110,289000,6,4,"South City",NA,4400,NA,78,NA,NA,"Active","","","http://www.redfin.com/MO/St-Louis/4537-Swan-Ave-63110/home/93749436","MARIS","18083082","N","Y",38.6254239,-90.2631962,2018,816
"MLS Listing",NA,"Single Family Residential","3722 January Ave","St Louis","MO",63109,289000,3,3,"South City",2400,5793,1958,16,120,NA,"Active","","","http://www.redfin.com/MO/St-Louis/3722-January-Ave-63109/home/93781685","MARIS","18095300","N","Y",38.5948078,-90.2886768,2018,817
"MLS Listing",NA,"Multi-Family (2-4 Unit)","4549 Swan Ave","St Louis","MO",63110,289000,6,4,"South City",NA,5401,NA,78,NA,NA,"Active","","","http://www.redfin.com/MO/St-Louis/4549-Swan-Ave-63110/home/93749440","MARIS","18083097","N","Y",38.625341,-90.2636363,2018,818
"MLS Listing",NA,"Single Family Residential","9202 Buxton Dr","St Louis","MO",63126,289900,3,2,"Lindbergh",1755,13460,1961,1,165,NA,"Active","January-6-2019 1:00 PM","January-6-2019 3:00 PM","http://www.redfin.com/MO/St-Louis/9202-Buxton-Dr-63126/home/93575948","MARIS","18095175","N","Y",38.5516758,-90.372224,2018,819
"MLS Listing",NA,"Single Family Residential","1420 Rankin Dr","Richmond Heights","MO",63117,289900,4,2,"Maplewood-Rchmnd Hts",1650,7275,1953,20,176,NA,"Active","","","http://www.redfin.com/MO/Richmond-Heights/1420-Rankin-Dr-63117/home/93487137","MARIS","18094683","N","Y",38.626344,-90.313643,2018,820
"MLS Listing",NA,"Single Family Residential","7110 Dale Ave","St Louis","MO",63117,289900,3,3,"Maplewood-Rchmnd Hts",1494,9757,1927,29,194,NA,"Active","January-6-2019 1:00 PM","January-6-2019 3:00 PM","http://www.redfin.com/MO/Richmond-Heights/7110-Dale-Ave-63117/home/93487297","MARIS","18092864","N","Y",38.626604,-90.3097669,2018,821
"MLS Listing",NA,"Single Family Residential","44 Chestnut Ave","Webster Groves","MO",63119,289900,3,2,"Webster Groves",1106,NA,1978,8,262,NA,"Active","","","http://www.redfin.com/MO/Webster-Groves/44-Chestnut-Ave-63119/home/93524758","MARIS","18095991","N","Y",38.580486,-90.35713,2018,822
"MLS Listing",NA,"Single Family Residential","8738 Kathy Ct","St Louis","MO",63126,290000,2,3,"Lindbergh",1848,10149,1957,48,157,NA,"Active","","","http://www.redfin.com/MO/St-Louis/8738-Kathy-Ct-63126/home/93563078","MARIS","18089430","N","Y",38.5526409,-90.3970027,2018,823
"New Construction Plan",NA,"Single Family Residential","Brookmont - Manor","Affton","MO",63123,290900,3,2,"The Manors at MacKenzie Valley",1678,NA,NA,NA,173,NA,"Active","","","http://www.redfin.com/MO/St-Louis/The-Manors-at-MacKenzie-Valley/Brookmont-Manor/home/144477823","NewHomeSource.com","Plan-61458903","N","Y",38.5594322,-90.3232119,2018,824
"MLS Listing",NA,"Single Family Residential","0 Tbb Terry Park Subdivision","St Louis","MO",63104,292300,5,3,"Central East",2752,NA,NA,346,106,NA,"Active","","","http://www.redfin.com/MO/St-Louis/3200-Eads-Ave-63104/home/62685151","MARIS","18004069","N","Y",38.617697,-90.233312,2018,825
"MLS Listing",NA,"Condo/Co-op","7541 Parkdale Ave Unit 1E","St Louis","MO",63105,292500,2,2,"Clayton",1314,1263,1939,125,223,225,"Active","","","http://www.redfin.com/MO/Clayton/7541-Parkdale-Ave-63105/unit-1E/home/146953543","MARIS","18071308","N","Y",38.6416599,-90.3317875,2018,826
"MLS Listing",NA,"Single Family Residential","2616 Mcnair Ave","St Louis","MO",63118,295000,4,3,"Central East",2772,3267,1882,62,106,NA,"Active","","","http://www.redfin.com/MO/St-Louis/2616-McNair-Ave-63118/home/93697747","MARIS","18087947","N","Y",38.6034245,-90.2190295,2018,827
"MLS Listing",NA,"Single Family Residential","3014 Lemp Ave","St Louis","MO",63118,295000,4,4,"Central East",3139,NA,1889,31,94,NA,"Active","","","http://www.redfin.com/MO/St-Louis/3014-Lemp-Ave-63118/home/146872804","MARIS","18092763","N","Y",38.5976105,-90.217353,2018,828
"MLS Listing",NA,"Condo/Co-op","7741 Kingsbury Blvd #32","Clayton","MO",63105,295000,2,3,"Clayton",1567,1725,1942,507,188,515,"Active","","","http://www.redfin.com/MO/St-Louis/7741-Kingsbury-Blvd-63105/unit-32/home/93325832","MARIS","17057897","N","Y",38.6562579,-90.3352019,2018,829
"MLS Listing",NA,"Single Family Residential","425 Wenneker","Ladue","MO",63124,299000,3,3,"Ladue",1643,20735,1956,44,182,25,"Active","","","http://www.redfin.com/MO/St-Louis/425-Wenneker-Dr-63124/home/93479617","MARIS","18090206","N","Y",38.6461353,-90.3516197,2018,830
"MLS Listing",NA,"Vacant Land","8815 Madge Ave","St Louis","MO",63144,299000,NA,NA,"Brentwood",NA,23958,NA,135,NA,NA,"Active","","","http://www.redfin.com/MO/Brentwood/8815-Madge-Ave-63144/home/62687445","MARIS","18045135","N","Y",38.614338,-90.3497574,2018,831
"MLS Listing",NA,"Condo/Co-op","4540 Laclede Ave #204","St Louis","MO",63108,299000,2,2,"Central West",1300,NA,1983,156,230,417,"Active","January-6-2019 1:00 PM","January-6-2019 3:00 PM","http://www.redfin.com/MO/St-Louis/4540-Laclede-Ave-63108/unit-204/home/93724122","MARIS","18060262","N","Y",38.6395862,-90.2592236,2018,832
"MLS Listing",NA,"Single Family Residential","2342 Albion Pl","St Louis","MO",63104,299000,4,3,"Central East",3045,5097,1891,91,98,NA,"Active","","","http://www.redfin.com/MO/St-Louis/2342-Albion-Pl-63104/home/70078076","MARIS","18080304","N","Y",38.6167348,-90.2199639,2018,833
"MLS Listing",NA,"Single Family Residential","38 Villawood Ln","Webster Groves","MO",63119,299000,3,2,"Webster Groves",1754,9627,1942,89,170,NA,"Active","","","http://www.redfin.com/MO/Webster-Groves/38-Villawood-Ln-63119/home/93541916","MARIS","18079857","N","Y",38.5743157,-90.3464398,2018,834
"MLS Listing",NA,"Condo/Co-op","4540 Laclede Ave #205","St Louis","MO",63108,299000,2,2,"Central West",1300,NA,1982,136,230,417,"Active","","","http://www.redfin.com/MO/St-Louis/4540-Laclede-Ave-63108/unit-205/home/93724121","MARIS","18065670","N","Y",38.6395862,-90.2592236,2018,835
"MLS Listing",NA,"Multi-Family (2-4 Unit)","7445 Delmar Blvd","University City","MO",63130,299500,4,2,"University City",2442,7501,1951,16,123,NA,"Active","","","http://www.redfin.com/MO/University-City/7445-Delmar-Blvd-63130/home/93468905","MARIS","18086181","N","Y",38.658881,-90.330607,2018,836
"MLS Listing",NA,"Multi-Family (2-4 Unit)","7342 Dartmouth Ave","St Louis","MO",63130,299500,6,2,"University City",3248,4008,1940,70,92,NA,"Active","","","http://www.redfin.com/MO/University-City/7342-Dartmouth-Ave-63130/home/93457199","MARIS","18084823","N","Y",38.663032,-90.3270299,2018,837
"MLS Listing",NA,"Single Family Residential","2137 Sidney St","St Louis","MO",63104,299900,3,3,"Central East",2640,2962,1886,63,114,NA,"Active","","","http://www.redfin.com/MO/St-Louis/2137-Sidney-St-63104/home/103204377","MARIS","18087819","N","Y",38.6045531,-90.2199657,2018,838
"MLS Listing",NA,"Single Family Residential","7350 Stanford Ave","University City","MO",63130,299900,3,2,"University City",1920,5271,1938,78,156,NA,"Active","","","http://www.redfin.com/MO/University-City/7350-Stanford-Ave-63130/home/93468963","MARIS","18083058","N","Y",38.660201,-90.327016,2018,839
"MLS Listing",NA,"Single Family Residential","6096 E Jamieson Ave","St Louis","MO",63109,299900,3,2,"South City",1392,9670,1956,64,215,NA,"Active","January-6-2019 1:00 PM","January-6-2019 3:00 PM","http://www.redfin.com/MO/St-Louis/6096-E-Jamieson-Ave-63109/home/93782827","MARIS","18087350","N","Y",38.575164,-90.300759,2018,840
"MLS Listing",NA,"Single Family Residential","7843 Gannon Ave","University City","MO",63130,299900,2,2,"University City",1318,5663,1832,133,228,NA,"Active","","","http://www.redfin.com/MO/University-City/7843-Gannon-Ave-63130/home/93471086","MARIS","18067978","N","Y",38.660924,-90.341468,2018,841
"MLS Listing",NA,"Multi-Family (2-4 Unit)","3147 Cherokee St","St Louis","MO",63118,299999,3,1.5,"Central East",2750,4356,1909,92,109,NA,"Active","","","http://www.redfin.com/MO/St-Louis/3147-Cherokee-St-63118/home/93693527","MARIS","18079415","N","Y",38.5948093,-90.2363362,2018,842
"MLS Listing",NA,"Single Family Residential","718 Pennsylvania Ave","St Louis","MO",63130,300000,3,2,"University City",1728,6229,1960,16,174,NA,"Active","","","http://www.redfin.com/MO/University-City/718-Pennsylvania-Ave-63130/home/93470135","MARIS","18095240","N","Y",38.659591,-90.315921,2018,843
"MLS Listing",NA,"Condo/Co-op","4101 Laclede Ave #205","St Louis","MO",63108,300000,1,1,"Central West",945,NA,NA,328,317,340,"Active","","","http://www.redfin.com/MO/St-Louis/4101-Laclede-Ave-63108/unit-205/home/105542564","MARIS","17093756","N","Y",38.637596,-90.246949,2018,844
"MLS Listing",NA,"Condo/Co-op","4101 Laclede Ave #211","St Louis","MO",63108,300000,1,1,"Central West",975,NA,NA,328,308,351,"Active","","","http://www.redfin.com/MO/St-Louis/4101-Laclede-Ave-63108/unit-211/home/144789271","MARIS","18005661","N","Y",38.637596,-90.246949,2018,845
"New Construction Plan",NA,"Single Family Residential","Whitehall - Manor","Affton","MO",63123,304900,3,2,"The Manors at MacKenzie Valley",1819,NA,NA,NA,168,NA,"Active","","","http://www.redfin.com/MO/St-Louis/The-Manors-at-MacKenzie-Valley/Whitehall-Manor/home/144477817","NewHomeSource.com","Plan-61458909","N","Y",38.5594322,-90.3232119,2018,846
"MLS Listing",NA,"Single Family Residential","4986 Botanical Ave","St Louis","MO",63110,305000,3,3,"South City",2367,4443,1907,101,129,NA,"Active","January-6-2019 2:00 PM","January-6-2019 4:00 PM","http://www.redfin.com/MO/St-Louis/4986-Botanical-Ave-63110/home/93744251","MARIS","18076743","N","Y",38.611372,-90.271204,2018,847
"MLS Listing",NA,"Condo/Co-op","4101 Laclede Ave #403","St Louis","MO",63108,306400,1,1,"Central West",938,33236,NA,328,327,337,"Active","","","http://www.redfin.com/MO/St-Louis/4101-Laclede-Ave-63108/unit-403/home/113001953","MARIS","17093754","N","Y",38.637596,-90.246949,2018,848
"MLS Listing",NA,"Single Family Residential","691 W Glendale","Webster Groves","MO",63119,307500,3,2,"Webster Groves",1838,9496,1928,65,167,NA,"Active","","","http://www.redfin.com/MO/Webster-Groves/691-W-Glendale-Rd-63119/home/93543540","MARIS","18086624","N","Y",38.5783442,-90.3760676,2018,849
"MLS Listing",NA,"Single Family Residential","8048 Blackberry Ave","University City","MO",63130,309000,3,2,"University City",1899,10019,1966,169,163,NA,"Active","","","http://www.redfin.com/MO/University-City/8048-Blackberry-Ave-63130/home/93460134","MARIS","18053406","N","Y",38.665433,-90.345328,2018,850
"MLS Listing",NA,"Single Family Residential","412 Venneman Ave","St Louis","MO",63122,309999,2,3,"Kirkwood",1056,6752,1929,48,294,NA,"Active","","","http://www.redfin.com/MO/St-Louis/412-Venneman-Ave-63122/home/93529127","MARIS","18090695","N","Y",38.5899474,-90.3889438,2018,851
"MLS Listing",NA,"Single Family Residential","4179 Castleman Ave","St Louis","MO",63110,310000,3,3,"South City",2092,3354,1910,80,148,NA,"Active","January-6-2019 1:00 PM","January-6-2019 3:00 PM","http://www.redfin.com/MO/St-Louis/4179-Castleman-Ave-63110/home/62766195","MARIS","18081797","N","Y",38.615773,-90.2535432,2018,852
"New Construction Plan",NA,"Single Family Residential","Winslow - Manor","Affton","MO",63123,312900,3,2.5,"The Manors at MacKenzie Valley",2168,NA,NA,NA,144,NA,"Active","","","http://www.redfin.com/MO/St-Louis/The-Manors-at-MacKenzie-Valley/Winslow-Manor/home/144477816","NewHomeSource.com","Plan-61458910","N","Y",38.5594322,-90.3232119,2018,853
"MLS Listing",NA,"Condo/Co-op","731 Windberry Ct","St Louis","MO",63122,314900,3,3,"Kirkwood",1578,NA,2008,119,200,260,"Active","","","http://www.redfin.com/MO/St-Louis/731-Windberry-Ct-63122/unit-18/home/93329503","MARIS","18071751","N","Y",38.569898,-90.389995,2018,854
"MLS Listing",NA,"Single Family Residential","2724 Armand Pl","St Louis","MO",63104,315000,5,3,"Central East",2863,3311,1902,55,110,NA,"Active","","","http://www.redfin.com/MO/St-Louis/2724-Armand-Pl-63104/home/93690882","MARIS","18089215","N","Y",38.608635,-90.225601,2018,855
"MLS Listing",NA,"Single Family Residential","40 Narragansett Dr","Ladue","MO",63124,315000,2,2,"Ladue",1630,10759,1967,62,193,NA,"Active","","","http://www.redfin.com/MO/St-Louis/40-Narragansett-Dr-63124/home/93470197","MARIS","18084499","N","Y",38.6569791,-90.356649,2018,856
"MLS Listing",NA,"Single Family Residential","6848 Glades Ave","St Louis","MO",63139,315000,3,3,"South City",1900,2265,2006,30,166,NA,"Active","","","http://www.redfin.com/MO/St-Louis/6848-Glades-Ave-63139/home/109920073","MARIS","18092909","N","Y",38.6210939,-90.3059074,2018,857
"MLS Listing",NA,"Single Family Residential","4259 Maryland Ave","St Louis","MO",63108,317500,4,3,"Central West",2706,2309,1907,225,117,NA,"Active","","","http://www.redfin.com/MO/St-Louis/4259-Maryland-Ave-63108/home/93684088","MARIS","18040318","N","Y",38.6421279,-90.2499165,2018,858
"MLS Listing",NA,"Single Family Residential","3522 Oxford","St Louis","MO",63143,317900,3,2,"Maplewood-Rchmnd Hts",1503,7449,1903,105,212,NA,"Active","","","http://www.redfin.com/MO/Maplewood/3522-Oxford-Ave-63143/home/147133758","MARIS","18071888","N","Y",38.6034283,-90.3197639,2018,859
"MLS Listing",NA,"Condo/Co-op","4954 Lindell Blvd Unit 8-E","St Louis","MO",63108,319000,2,2,"Central West",2700,NA,1911,108,118,1145,"Active","","","http://www.redfin.com/MO/St-Louis/4954-Lindell-Blvd-63108/unit-8-E/home/147106967","MARIS","18067703","N","Y",38.6433749,-90.2638109,2018,860
"MLS Listing",NA,"Single Family Residential","4261 Washington","St Louis","MO",63108,319900,4,4,"Central West",3367,4530,1891,105,95,NA,"Active","","","http://www.redfin.com/MO/St-Louis/4261-Washington-63108/home/147807806","MARIS","18075896","N","Y",38.646867,-90.247883,2018,861
"MLS Listing",NA,"Single Family Residential","1249 Boland","St Louis","MO",63117,319900,2,2,"Maplewood-Rchmnd Hts",1568,5009,1927,8,204,NA,"Active","","","http://www.redfin.com/MO/Richmond-Heights/1249-Boland-Pl-63117/home/93487061","MARIS","18095386","N","Y",38.6314502,-90.3273237,2018,862
"MLS Listing",NA,"Single Family Residential","57 Pricewoods","St Louis","MO",63132,320000,3,3,"Ladue",1800,12589,1960,118,178,21,"Active","","","http://www.redfin.com/MO/Olivette/57-Pricewoods-Ln-63132/home/93461720","MARIS","18072938","N","Y",38.665107,-90.365453,2018,863
"MLS Listing",NA,"Single Family Residential","4251 Juniata St","St Louis","MO",63116,322900,3,3,"South City",1870,3223,1914,46,173,NA,"Active","January-6-2019 1:00 PM","January-6-2019 3:00 PM","http://www.redfin.com/MO/St-Louis/4251-Juniata-St-63116/home/103204019","MARIS","18090782","N","Y",38.602704,-90.260028,2018,864
"MLS Listing",NA,"Single Family Residential","6759 Delor St","St Louis","MO",63109,324900,3,3,"South City",1700,6011,1946,48,191,NA,"Active","","","http://www.redfin.com/MO/St-Louis/6759-Delor-St-63109/home/93781467","MARIS","18090681","N","Y",38.5848119,-90.3096203,2018,865
"MLS Listing",NA,"Single Family Residential","6238 Arendes Dr","St Louis","MO",63116,324900,3,3,"South City",2064,8194,NA,75,157,NA,"Active","January-6-2019 1:00 PM","January-6-2019 3:00 PM","http://www.redfin.com/MO/St-Louis/6238-Arendes-Dr-63116/home/93773549","MARIS","18076979","N","Y",38.5635395,-90.2608749,2018,866
"MLS Listing",NA,"Single Family Residential","7719 Suffolk Ave","Shrewsbury","MO",63119,324900,3,2,"Webster Groves",1701,7492,1924,36,191,NA,"Active","","","http://www.redfin.com/MO/St-Louis/7719-Suffolk-Ave-63119/home/93507567","MARIS","18091483","N","Y",38.5969268,-90.3303426,2018,867
"MLS Listing",NA,"Condo/Co-op","4101 Laclede Ave #503","St Louis","MO",63108,325000,1,1,"Central West",938,33236,NA,332,346,337,"Active","","","http://www.redfin.com/MO/St-Louis/4101-Laclede-Ave-63108/unit-503/home/144823016","MARIS","18005872","N","Y",38.637596,-90.246949,2018,868
"MLS Listing",NA,"Single Family Residential","5433 Enright Ave","St Louis","MO",63112,325000,4,3,"Central West",2204,4704,1896,36,147,NA,"Active","","","http://www.redfin.com/MO/St-Louis/5433-Enright-Ave-63112/home/93761769","MARIS","18090013","N","Y",38.6548486,-90.2770993,2018,869
"MLS Listing",NA,"Single Family Residential","3232 Portis Ave","St Louis","MO",63116,325000,3,3,"South City",1997,4922,1894,33,163,NA,"Active","","","http://www.redfin.com/MO/St-Louis/3232-Portis-Ave-63116/home/93756374","MARIS","18088822","N","Y",38.6009928,-90.26481,2018,870
"MLS Listing",NA,"Single Family Residential","7501 Devonshire Ave","St Louis","MO",63119,325000,3,2,"Webster Groves",1931,5619,1926,31,168,NA,"Active","","","http://www.redfin.com/MO/St-Louis/7501-Devonshire-Ave-63119/home/93524343","MARIS","18090640","N","Y",38.5922418,-90.327154,2018,871
"MLS Listing",NA,"Single Family Residential","3927 Russell Blvd","St Louis","MO",63110,325000,5,3,"South City",2600,3877,1895,50,125,NA,"Active","","","http://www.redfin.com/MO/St-Louis/3927-Russell-Blvd-63110/home/93747576","MARIS","18090214","N","Y",38.6142578,-90.2465138,2018,872
"MLS Listing",NA,"Single Family Residential","8925 Russell Ave","Brentwood","MO",63144,325000,3,3,"Brentwood",2858,6098,2009,64,114,NA,"Active","","","http://www.redfin.com/MO/Brentwood/8925-Russell-Ave-63144/home/63615973","MARIS","18084888","N","Y",38.609119,-90.352485,2018,873
"MLS Listing",NA,"Single Family Residential","7518 Balson Ave","St Louis","MO",63130,325000,3,3,"University City",2143,2178,1992,86,152,31,"Active","","","http://www.redfin.com/MO/University-City/7518-Balson-Ave-63130/home/93456771","MARIS","18081127","N","Y",38.6643599,-90.3326988,2018,874
"MLS Listing",NA,"Single Family Residential","3677 Bellerive Blvd","St Louis","MO",63116,325000,4,2,"South City",2401,5837,1925,80,135,NA,"Active","","","http://www.redfin.com/MO/St-Louis/3677-Bellerive-Blvd-63116/home/62735631","MARIS","18081507","N","Y",38.569204,-90.2573,2018,875
"MLS Listing",NA,"Multi-Family (5+ Unit)","3827 Minnesota Ave","St Louis","MO",63118,325000,NA,NA,"Central East",NA,3223,1906,51,NA,NA,"Active","","","http://www.redfin.com/MO/St-Louis/3827-Minnesota-Ave-63118/home/93696026","MARIS","18089964","N","Y",38.5864989,-90.2364678,2018,876
"MLS Listing",NA,"Single Family Residential","109 Willis Ave","St Louis","MO",63119,325000,5,3,"Webster Groves",2107,4922,2005,27,154,NA,"Active","","","http://www.redfin.com/MO/Webster-Groves/109-Willis-Ave-63119/home/93509387","MARIS","18093716","N","Y",38.606051,-90.354102,2018,877
"MLS Listing",NA,"Multi-Family (2-4 Unit)","3530 Arkansas","St Louis","MO",63118,325000,NA,NA,"Central East",NA,NA,1909,57,NA,NA,"Active","","","http://www.redfin.com/MO/St-Louis/3530-Arkansas-Ave-63118/home/93695435","MARIS","18088915","N","Y",38.5925152,-90.2418194,2018,878
"MLS Listing",NA,"Single Family Residential","3819 Robert","St Louis","MO",63116,325606,3,3,"South City",1920,NA,NA,262,170,17,"Active","","","http://www.redfin.com/MO/St-Louis/3819-Robert-Ave-63116/home/93679220","MARIS","18026429","N","Y",38.5587639,-90.270491,2018,879
"New Construction Plan",NA,"Single Family Residential","Ryan III","Saint Louis","MO",63123,326700,4,2,"Pardee Gardens",2093,NA,NA,NA,156,NA,"Active","","","http://www.redfin.com/MO/St-Louis/Pardee-Gardens/Ryan-III/home/107336960","NewHomeSource.com","Plan-61268229","N","Y",38.5630305,-90.3582584,2018,880
"New Construction Plan",NA,"Single Family Residential","Stratton - Manor","Affton","MO",63123,326900,3,2.5,"The Manors at MacKenzie Valley",2468,NA,NA,NA,132,NA,"Active","","","http://www.redfin.com/MO/St-Louis/The-Manors-at-MacKenzie-Valley/Stratton-Manor/home/144477819","NewHomeSource.com","Plan-61458907","N","Y",38.5594322,-90.3232119,2018,881
"MLS Listing",NA,"Single Family Residential","7832 Kenrick Manor Dr","St Louis","MO",63119,329900,4,4,"Affton",2259,11761,1983,120,146,NA,"Active","","","http://www.redfin.com/MO/St-Louis/7832-Kenrick-Manor-Dr-63119/home/93525265","MARIS","18069158","N","Y",38.581952,-90.3357007,2018,882
"MLS Listing",NA,"Single Family Residential","3716 Connecticut","St Louis","MO",63116,329900,3,3,"South City",2050,3746,1905,1,161,NA,"Active","January-6-2019 1:00 PM","January-6-2019 3:00 PM","http://www.redfin.com/MO/St-Louis/3716-Connecticut-St-63116/home/93700053","MARIS","18096448","N","Y",38.6001326,-90.2456319,2018,883
"MLS Listing",NA,"Multi-Family (2-4 Unit)","1025 North & South Rd","St Louis","MO",63130,329900,NA,NA,"University City",4900,9060,1959,126,67,NA,"Active","","","http://www.redfin.com/MO/University-City/1025-N-and-South-Rd-63130/home/93460450","MARIS","18070506","N","Y",38.666666,-90.336605,2018,884
"MLS Listing",NA,"Single Family Residential","3614 Flad Ave","St Louis","MO",63110,333000,3,3,"South City",2200,NA,2015,87,151,411,"Active","","","http://www.redfin.com/MO/St-Louis/3614-Flad-Ave-63110/home/100380296","MARIS","18081144","N","Y",38.6112568,-90.2415007,2018,885
"MLS Listing",NA,"Condo/Co-op","4501 Lindell Unit 8G","St Louis","MO",63108,334999,2,2,"Central West",1311,NA,NA,80,256,934,"Active","","","http://www.redfin.com/MO/St-Louis/4501-Lindell-Blvd-63108/unit-8G/home/62733588","MARIS","18082432","N","Y",38.642951,-90.2581168,2018,886
"MLS Listing",NA,"Multi-Family (5+ Unit)","3936 Cook Ave","St Louis","MO",63113,335000,NA,NA,"North",15687,8799,1928,27,21,NA,"Active","","","http://www.redfin.com/MO/St-Louis/3936-E-Cook-Ave-63113/home/65545838","MARIS","18093743","N","Y",38.6480361,-90.236083,2018,887
"MLS Listing",NA,"Condo/Co-op","540 N And South #103","St Louis","MO",63130,335000,2,2,"University City",1374,1350,2005,167,244,420,"Active","","","http://www.redfin.com/MO/St-Louis/540-N-and-South-Rd-63130/unit-103/home/93325859","MARIS","18059386","N","Y",38.6583509,-90.3372947,2018,888
"MLS Listing",NA,"Single Family Residential","4207 Blaine Ave","St Louis","MO",63110,336000,3,3,"South City",2000,3833,2016,112,168,NA,"Active","","","http://www.redfin.com/MO/St-Louis/4207-Blaine-Ave-63110/home/143286921","MARIS","18073802","N","Y",38.620556,-90.253282,2018,889
"MLS Listing",NA,"Single Family Residential","2840 Mcnair Ave","St Louis","MO",63118,339000,3,3,"Central East",2350,2378,1886,62,144,NA,"Active","","","http://www.redfin.com/MO/St-Louis/2840-McNair-Ave-63118/home/93680354","MARIS","18087878","N","Y",38.6009211,-90.2202387,2018,890
"MLS Listing",NA,"Condo/Co-op","4100 Forest Park Ave #320","St Louis","MO",63108,339000,2,2,"Central West",1549,NA,2007,127,219,487,"Active","","","http://www.redfin.com/MO/St-Louis/4100-Forest-Park-Ave-63108/unit-320/home/93680707","MARIS","18066287","N","Y",38.6357657,-90.2471558,2018,891
"MLS Listing",NA,"Single Family Residential","4215 Olive","St Louis","MO",63108,339900,4,4,"Central West",2447,3354,2004,48,139,NA,"Active","","","http://www.redfin.com/MO/St-Louis/4215-Olive-St-63108/home/101771155","MARIS","18090503","N","Y",38.6447577,-90.2466584,2018,892
"MLS Listing",NA,"Single Family Residential","6514 Devonshire Ave","St Louis","MO",63109,339900,3,2,"South City",1530,4269,1937,63,222,NA,"Active","","","http://www.redfin.com/MO/St-Louis/6514-Devonshire-Ave-63109/home/62755387","MARIS","18086810","N","Y",38.5896646,-90.3040759,2018,893
"MLS Listing",NA,"Condo/Co-op","4501 Lindell Unit 8B","St Louis","MO",63108,340000,1,2,"Central West",1331,NA,1963,36,255,879,"Active","","","http://www.redfin.com/MO/St-Louis/4501-Lindell-Blvd-63108/unit-8B/home/93724559","MARIS","18092060","N","Y",38.642951,-90.2581168,2018,894
"New Construction Plan",NA,"Single Family Residential","Parker - Manor","Affton","MO",63123,343900,4,3,"The Manors at MacKenzie Valley",2590,NA,NA,NA,133,NA,"Active","","","http://www.redfin.com/MO/St-Louis/The-Manors-at-MacKenzie-Valley/Parker-Manor/home/144477820","NewHomeSource.com","Plan-61458906","N","Y",38.5594322,-90.3232119,2018,895
"New Construction Plan",NA,"Single Family Residential","Waverly - Manor","Affton","MO",63123,343900,4,2.5,"The Manors at MacKenzie Valley",2352,NA,NA,NA,146,NA,"Active","","","http://www.redfin.com/MO/St-Louis/The-Manors-at-MacKenzie-Valley/Waverly-Manor/home/144477818","NewHomeSource.com","Plan-61458908","N","Y",38.5594322,-90.3232119,2018,896
"MLS Listing",NA,"Single Family Residential","837 Newport Ave","Webster Groves","MO",63119,344000,3,2,"Webster Groves",1883,9453,1902,126,183,NA,"Active","","","http://www.redfin.com/MO/Webster-Groves/837-Newport-Ave-63119/home/93509198","MARIS","18069153","N","Y",38.598226,-90.336965,2018,897
"MLS Listing",NA,"Single Family Residential","10348 Conway Rd","Frontenac","MO",63131,344500,3,2,"Ladue",1482,7492,1979,118,232,NA,"Active","","","http://www.redfin.com/MO/Frontenac/10348-Conway-Rd-63131/home/93480188","MARIS","18071298","N","Y",38.6408879,-90.407881,2018,898
"MLS Listing",NA,"Single Family Residential","1950 Wyoming","St Louis","MO",63118,344900,4,3,"Central East",2600,3441,1902,76,133,NA,"Active","","","http://www.redfin.com/MO/St-Louis/1950-Wyoming-St-63118/home/93694090","MARIS","18084034","N","Y",38.5960385,-90.2197871,2018,899
"New Construction Plan",NA,"Single Family Residential","Carver - Manor","Affton","MO",63123,344900,3,2.5,"The Manors at MacKenzie Valley",2904,NA,NA,NA,119,NA,"Active","","","http://www.redfin.com/MO/St-Louis/The-Manors-at-MacKenzie-Valley/Carver-Manor/home/144477822","NewHomeSource.com","Plan-61458904","N","Y",38.5594322,-90.3232119,2018,900
"MLS Listing",NA,"Single Family Residential","0 Tbb-carver @ Mackenzie Vly","Affton","MO",63123,344900,3,3,"Affton",2904,NA,NA,379,119,33,"Active","","","http://www.redfin.com/MO/Affton/Mackenzie-Valley-Ct-63123/home/148538103","MARIS","17095909","N","Y",38.559817,-90.321286,2018,901
"MLS Listing",NA,"Multi-Family (2-4 Unit)","5353 Cabanne Ave","St Louis","MO",63112,345000,NA,NA,"Central West",1400,5793,1983,212,246,NA,"Active","","","http://www.redfin.com/MO/St-Louis/5353-Cabanne-Ave-63112/home/93723984","MARIS","18045523","N","Y",38.65811,-90.274514,2018,902
"MLS Listing",NA,"Single Family Residential","416 N Woodlawn Ave","St Louis","MO",63122,349000,3,2,"Kirkwood",1864,12197,1929,113,187,NA,"Active","","","http://www.redfin.com/MO/Kirkwood/416-N-Woodlawn-Ave-63122/home/93527843","MARIS","18072833","N","Y",38.586658,-90.396745,2018,903
"MLS Listing",NA,"Single Family Residential","2907 Indiana Ave","St Louis","MO",63118,349900,3,3,"Central East",2530,NA,NA,183,138,17,"Active","January-6-2019 1:00 PM","January-6-2019 3:00 PM","http://www.redfin.com/MO/St-Louis/2907-Indiana-Ave-63118/home/144767064","MARIS","18053498","N","Y",38.6005088,-90.2230086,2018,904
"MLS Listing",NA,"Single Family Residential","4808 Arsenal","St Louis","MO",63116,349900,3,3,"South City",2472,3703,1921,91,142,NA,"Active","","","http://www.redfin.com/MO/St-Louis/4808-Arsenal-St-63116/home/93767045","MARIS","18075970","N","Y",38.60478,-90.268426,2018,905
"MLS Listing",NA,"Single Family Residential","852 Lionsgate Dr","University City","MO",63130,349900,3,4,"University City",2173,4356,1992,202,161,NA,"Active","","","http://www.redfin.com/MO/University-City/852-Lionsgate-Dr-63130/home/93460246","MARIS","18048378","N","Y",38.663461,-90.337207,2018,906
"MLS Listing",NA,"Single Family Residential","2860 Indiana Ave","St Louis","MO",63118,349900,3,3,"Central East",2000,NA,NA,21,175,NA,"Active","","","http://www.redfin.com/MO/St-Louis/2860-Indiana-Ave-63118/home/143286488","MARIS","18094572","N","Y",38.600944,-90.222288,2018,907
"MLS Listing",NA,"Single Family Residential","5777 Mcpherson Ave","St Louis","MO",63112,349999,3,3,"Central West",2184,4125,2006,148,160,NA,"Active","January-6-2019 1:00 PM","January-6-2019 3:00 PM","http://www.redfin.com/MO/St-Louis/5777-McPherson-Ave-63112/home/93674545","MARIS","18060825","N","Y",38.651386,-90.287722,2018,908
"MLS Listing",NA,"Single Family Residential","900 Utah St","St Louis","MO",63118,350000,5,6,"Central East",4104,3964,1891,185,85,NA,"Active","","","http://www.redfin.com/MO/St-Louis/900-Utah-St-63118/home/93675577","MARIS","18053298","N","Y",38.5935628,-90.2147142,2018,909
"MLS Listing",NA,"Single Family Residential","4129 Shenandoah Ave","St Louis","MO",63110,350000,4,4,"South City",2800,3006,1905,22,125,NA,"Active","","","http://www.redfin.com/MO/St-Louis/4129-Shenandoah-Ave-63110/home/93746481","MARIS","18094032","N","Y",38.6108978,-90.2525211,2018,910
"MLS Listing",NA,"Condo/Co-op","4101 Laclede Ave #202","St Louis","MO",63108,350000,2,2,"Central West",1170,NA,NA,322,299,421,"Active","","","http://www.redfin.com/MO/Saint-Louis/4101-Laclede-Ave-63108/unit-202/home/144877797","MARIS","18007617","N","Y",38.637596,-90.246949,2018,911
"MLS Listing",NA,"Single Family Residential","8436 Big Bend Blvd","St Louis","MO",63119,350000,3,2,"Webster Groves",1833,10062,1923,125,191,NA,"Active","","","http://www.redfin.com/MO/Webster-Groves/8436-Big-Bend-Blvd-63119/home/93525082","MARIS","18070830","N","Y",38.585615,-90.351107,2018,912
"MLS Listing",NA,"Condo/Co-op","701 S Skinker Blvd #301","St Louis","MO",63105,350000,3,2,"Central West",2500,NA,1927,239,140,1437,"Active","","","http://www.redfin.com/MO/St-Louis/701-S-Skinker-Blvd-63105/unit-301/home/93773927","MARIS","18037158","N","Y",38.637034,-90.304023,2018,913
"MLS Listing",NA,"Single Family Residential","5210 Washington Pl","St Louis","MO",63108,350000,6,6,"Central West",5592,8146,1901,204,63,NA,"Active","","","http://www.redfin.com/MO/St-Louis/5210-Washington-Pl-63108/home/93749447","MARIS","18047138","N","Y",38.650853,-90.2703499,2018,914
"MLS Listing",NA,"Single Family Residential","6737 Devonshire Ave","St Louis","MO",63109,354900,3,2,"South City",1852,5097,1939,155,192,NA,"Active","","","http://www.redfin.com/MO/St-Louis/6737-Devonshire-Ave-63109/home/93781288","MARIS","18061519","N","Y",38.5876807,-90.3101344,2018,915
"MLS Listing",NA,"Single Family Residential","1527 Gardenia Dr","Webster Groves","MO",63119,358000,4,3,"Webster Groves",1530,13159,1941,45,234,2,"Active","","","http://www.redfin.com/MO/Webster-Groves/1527-Gardenia-Dr-63119/home/93542958","MARIS","18090934","N","Y",38.567148,-90.360204,2018,916
"MLS Listing",NA,"Single Family Residential","7323 Devonshire Ave","Shrewsbury","MO",63119,359000,4,3,"Webster Groves",1810,6970,1950,63,198,NA,"Active","January-6-2019 12:30 PM","January-6-2019 3:00 PM","http://www.redfin.com/MO/St-Louis/7323-Devonshire-Ave-63119/home/93524678","MARIS","18087182","N","Y",38.5918667,-90.323483,2018,917
"MLS Listing",NA,"Single Family Residential","3864 Federer Pl","St Louis","MO",63116,359900,3,2,"South City",2480,7971,1929,206,145,NA,"Active","","","http://www.redfin.com/MO/St-Louis/3864-Federer-St-63116/home/93773589","MARIS","18047065","N","Y",38.5655273,-90.2633062,2018,918
"MLS Listing",NA,"Single Family Residential","6519 Delor St","St Louis","MO",63109,359900,3,2,"South City",1876,7623,1953,51,192,NA,"Active","","","http://www.redfin.com/MO/St-Louis/6519-Delor-St-63109/home/93779730","MARIS","18089754","N","Y",38.585504,-90.3048238,2018,919
"MLS Listing",NA,"Single Family Residential","3817 Shaw Blvd","St Louis","MO",63110,359900,3,3,"South City",2244,5837,1911,56,160,NA,"Active","January-6-2019 1:00 PM","January-6-2019 3:00 PM","http://www.redfin.com/MO/St-Louis/3817-Shaw-Blvd-63110/home/93679426","MARIS","18088989","N","Y",38.6157007,-90.2432318,2018,920
"MLS Listing",NA,"Single Family Residential","6730 Wise Ave","St Louis","MO",63139,360000,3,3,"South City",1748,4182,NA,56,206,NA,"Active","","","http://www.redfin.com/MO/St-Louis/6730-Wise-Ave-63139/home/93765733","MARIS","18088986","N","Y",38.628741,-90.301911,2018,921
"MLS Listing",NA,"Condo/Co-op","250 S Brentwood Unit 2H","St Louis","MO",63105,360000,3,3,"Clayton",1965,1133,1940,50,183,541,"Active","","","http://www.redfin.com/MO/Clayton/250-S-Brentwood-Blvd-63105/unit-2H/home/62752612","MARIS","18089098","N","Y",38.646143,-90.3418101,2018,922
"MLS Listing",NA,"Single Family Residential","4326 Vista","St Louis","MO",63110,360000,3,3,"South City",1809,NA,NA,248,199,NA,"Active","","","http://www.redfin.com/MO/St-Louis/4326-Vista-63110/home/146698504","MARIS","18033095","N","Y",38.625203,-90.258506,2018,923
"MLS Listing",NA,"Single Family Residential","7457 Gannon Ave","St Louis","MO",63130,363000,4,2,"University City",2032,5009,1940,15,179,NA,"Active","","","http://www.redfin.com/MO/University-City/7457-Gannon-Ave-63130/home/92225356","MARIS","18094708","N","Y",38.65991,-90.331124,2018,924
"MLS Listing",NA,"Condo/Co-op","7743 Kingsbury Blvd #11","St Louis","MO",63105,365000,2,3,"Clayton",1713,958,1942,28,213,573,"Active","","","http://www.redfin.com/MO/St-Louis/7743-Kingsbury-Blvd-63105/unit-11/home/93325845","MARIS","18081202","N","Y",38.6562579,-90.3352019,2018,925
"MLS Listing",NA,"Single Family Residential","7244 Stanford Ave","St Louis","MO",63130,369000,3,3,"University City",2369,5445,1940,55,156,NA,"Active","","","http://www.redfin.com/MO/University-City/7244-Stanford-Ave-63130/home/62726501","MARIS","18087026","N","Y",38.6598773,-90.3233505,2018,926
"MLS Listing",NA,"Single Family Residential","4261 Flad Ave","St Louis","MO",63110,369000,4,3,"South City",2470,6708,1913,64,149,NA,"Active","January-6-2019 2:00 PM","January-6-2019 4:00 PM","http://www.redfin.com/MO/St-Louis/4261-Flad-Ave-63110/home/62746502","MARIS","18087284","N","Y",38.6130215,-90.2563749,2018,927
"MLS Listing",NA,"Single Family Residential","986 Glenbrook Ave","St Louis","MO",63122,369900,3,2,"Kirkwood",1897,7980,1948,80,195,NA,"Active","","","http://www.redfin.com/MO/St-Louis/986-Glenbrook-Ave-63122/home/93510497","MARIS","18082305","N","Y",38.5987988,-90.3839216,2018,928
"MLS Listing",NA,"Single Family Residential","401 Westgate Ave","St Louis","MO",63130,369900,5,3,"University City",2240,7405,1922,85,165,46,"Active","","","http://www.redfin.com/MO/University-City/401-Westgate-Ave-63130/home/93467625","MARIS","18078664","N","Y",38.6533861,-90.3052875,2018,929
"MLS Listing",NA,"Single Family Residential","1389 N Berry Rd","St Louis","MO",63122,369900,5,3,"Webster Groves",2171,16117,1923,62,170,NA,"Active","","","http://www.redfin.com/MO/St-Louis/1389-N-Berry-Rd-63122/home/62720290","MARIS","18087901","N","Y",38.604619,-90.3778333,2018,930
"MLS Listing",NA,"Single Family Residential","940 Golf Crse","St Louis","MO",63132,370000,4,3,"University City",1995,16901,1950,7,185,NA,"Active","","","http://www.redfin.com/MO/St-Louis/940-Golf-Course-Dr-63132/home/93459705","MARIS","18095966","N","Y",38.667485,-90.3528828,2018,931
"MLS Listing",NA,"Single Family Residential","8709 Garden Rock Dr","St Louis","MO",63123,370000,4,3,"Affton",2093,NA,2018,18,177,21,"Active","","","http://www.redfin.com/MO/St-Louis/8709-Garden-Rock-Dr-63123/home/146122373","MARIS","18094963","N","Y",38.563615,-90.3589911,2018,932
"MLS Listing",NA,"Single Family Residential","2909 Indiana Ave","St Louis","MO",63118,374900,3,3,"Central East",2530,NA,NA,147,148,17,"Active","January-6-2019 1:00 PM","January-6-2019 3:00 PM","http://www.redfin.com/MO/St-Louis/2909-Indiana-Ave-63118/home/144767065","MARIS","18064387","N","Y",38.6004396,-90.2230229,2018,933
"MLS Listing",NA,"Multi-Family (5+ Unit)","3401 Chippewa","St Louis","MO",63118,374900,NA,NA,"Central East",NA,6273,1904,92,NA,NA,"Active","","","http://www.redfin.com/MO/St-Louis/3401-Chippewa-St-63118/home/93695376","MARIS","18079919","N","Y",38.5880074,-90.2407197,2018,934
"MLS Listing",NA,"Vacant Land","9052 Clayton Rd","Richmond Heights","MO",63117,375000,NA,NA,"Ladue",NA,18086,NA,728,NA,NA,"Active","","","http://www.redfin.com/MO/Richmond-Heights/9052-Clayton-Rd-63117/home/62728519","MARIS","17000809","N","Y",38.640032,-90.3592024,2018,935
"MLS Listing",NA,"Single Family Residential","1303 S Boyle Ave","St Louis","MO",63110,375000,3,3,"South City",1988,NA,2017,48,189,NA,"Active","","","http://www.redfin.com/MO/St-Louis/1303-S-Boyle-Ave-63110/home/146873923","MARIS","18090358","N","Y",38.625417,-90.2537866,2018,936
"MLS Listing",NA,"Single Family Residential","5366 Reber Pl","St Louis","MO",63139,379000,4,4,"South City",1538,6055,1894,45,246,NA,"Active","","","http://www.redfin.com/MO/St-Louis/5366-Reber-Pl-63139/home/93727523","MARIS","18091018","N","Y",38.608055,-90.277953,2018,937
"MLS Listing",NA,"Vacant Land","9031 Clayton Rd","St Louis","MO",63117,379000,NA,NA,"Ladue",NA,26920,NA,154,NA,NA,"Active","","","http://www.redfin.com/MO/St-Louis/9031-Clayton-Rd-63117/home/93479150","MARIS","18062749","N","Y",38.640277,-90.356458,2018,938
"MLS Listing",NA,"Single Family Residential","8009 Teasdale Ave","St Louis","MO",63130,379900,3,2,"University City",1800,7013,1936,137,211,NA,"Active","","","http://www.redfin.com/MO/University-City/8009-Teasdale-Ave-63130/home/93470886","MARIS","18065450","N","Y",38.6593376,-90.3451453,2018,939
"MLS Listing",NA,"Multi-Family (2-4 Unit)","4125 Chouteau Ave","St Louis","MO",63110,380000,6,4,"South City",2940,5097,1895,85,129,NA,"Active","","","http://www.redfin.com/MO/St-Louis/4125-Chouteau-Ave-63110/home/93725770","MARIS","18081558","N","Y",38.628723,-90.250931,2018,940
"MLS Listing",NA,"Condo/Co-op","505 North & South Rd Unit 1B","St Louis","MO",63130,384000,3,2,"University City",1952,1607,1998,72,197,498,"Active","","","http://www.redfin.com/MO/University-City/505-N-and-South-Rd-63130/unit-1B/home/93626707","MARIS","18084181","N","Y",38.6572099,-90.3381502,2018,941
"MLS Listing",NA,"Single Family Residential","5523 Columbia Ave","St Louis","MO",63139,384900,4,3,"South City",1485,6098,1909,55,259,NA,"Active","","","http://www.redfin.com/MO/St-Louis/5523-Columbia-Ave-63139/home/93727099","MARIS","18089138","N","Y",38.6117335,-90.2811941,2018,942
"MLS Listing",NA,"Single Family Residential","2301 Hickory","St Louis","MO",63104,384999,4,2,"Central East",2684,2178,1893,154,143,133,"Active","","","http://www.redfin.com/MO/St-Louis/2301-Hickory-St-63104/home/93786022","MARIS","18062556","N","Y",38.6200743,-90.2172818,2018,943
"MLS Listing",NA,"Single Family Residential","8717 Garden Rock Dr","St Louis","MO",63123,385000,4,3,"Affton",2093,NA,NA,116,184,21,"Active","","","http://www.redfin.com/MO/St-Louis/8717-Garden-Rock-Dr-63123/home/147005603","MARIS","18073080","N","Y",38.5633064,-90.35896,2018,944
"MLS Listing",NA,"Single Family Residential","4353 Norfolk","St Louis","MO",63110,387500,3,3,"South City",2070,NA,2019,77,187,NA,"Active","January-6-2019 1:00 PM","January-6-2019 3:00 PM","http://www.redfin.com/MO/St-Louis/4353-Norfolk-Ave-63110/home/93725842","MARIS","18081602","N","Y",38.625203,-90.258506,2018,945
"MLS Listing",NA,"Multi-Family (2-4 Unit)","3027 Cherokee St","St Louis","MO",63118,389000,4,2.5,"Central East",7398,6490,1894,90,53,NA,"Active","","","http://www.redfin.com/MO/St-Louis/3027-Cherokee-St-63118/home/93693554","MARIS","18080397","N","Y",38.5945531,-90.2343994,2018,946
"MLS Listing",NA,"Single Family Residential","6530 Devonshire Ave","St Louis","MO",63109,389900,3,3,"South City",2022,4922,1935,63,193,NA,"Active","","","http://www.redfin.com/MO/St-Louis/6530-Devonshire-Ave-63109/home/93779526","MARIS","18087830","N","Y",38.5896699,-90.3045938,2018,947
"MLS Listing",NA,"Single Family Residential","8721 Garden Rock Dr","St Louis","MO",63123,390000,4,3,"Affton",2093,NA,NA,116,186,21,"Active","","","http://www.redfin.com/MO/St-Louis/8721-Garden-Rock-Dr-63123/home/147005526","MARIS","18073078","N","Y",38.5631452,-90.3589682,2018,948
"MLS Listing",NA,"Multi-Family (2-4 Unit)","925 S Sarah","St Louis","MO",63110,390000,8,4,"South City",3060,5663,1894,85,127,NA,"Active","","","http://www.redfin.com/MO/St-Louis/925-S-Sarah-St-63110/home/93683758","MARIS","18081598","N","Y",38.628825,-90.250257,2018,949
"MLS Listing",NA,"Condo/Co-op","4909 Laclede Ave #1902","St Louis","MO",63108,393000,1,1,"Central West",891,NA,2007,276,441,470,"Active","","","http://www.redfin.com/MO/St-Louis/4909-Laclede-Ave-63108/unit-1902/home/87812875","MARIS","18023193","N","Y",38.640664,-90.262562,2018,950
"MLS Listing",NA,"Single Family Residential","953 Barnard College","St Louis","MO",63130,395000,4,5,"University City",2570,3049,1990,125,154,38,"Active","","","http://www.redfin.com/MO/University-City/953-Barnard-College-Ln-63130/home/93460232","MARIS","18071273","N","Y",38.6646531,-90.3339737,2018,951
"MLS Listing",NA,"Single Family Residential","4434 Vista Ave","St Louis","MO",63110,395000,3,3,"South City",1904,2962,NA,77,207,NA,"Active","","","http://www.redfin.com/MO/St-Louis/4434-Vista-Ave-63110/home/93726102","MARIS","18083531","N","Y",38.6236275,-90.2602255,2018,952
"MLS Listing",NA,"Condo/Co-op","7720 Shirley Dr Unit 1W","Clayton","MO",63105,395000,2,2,"Clayton",1278,2614,1927,48,309,350,"Active","","","http://www.redfin.com/MO/Clayton/7720-Shirley-Dr-63105/unit-1W/home/93326964","MARIS","18090001","N","Y",38.6458264,-90.3360498,2018,953
"MLS Listing",NA,"Single Family Residential","507 Donne Ave","St Louis","MO",63130,398500,3,2,"University City",2010,5793,1937,3,198,NA,"Active","January-6-2019 1:00 PM","January-6-2019 3:00 PM","http://www.redfin.com/MO/University-City/507-Donne-Ave-63130/home/93471251","MARIS","18096319","N","Y",38.65753,-90.339332,2018,954
"MLS Listing",NA,"Single Family Residential","7043 Waterman Ave","St Louis","MO",63130,399000,3,3,"University City",1896,5619,1915,122,210,NA,"Active","","","http://www.redfin.com/MO/University-City/7043-Waterman-Ave-63130/home/92409879","MARIS","18071483","N","Y",38.6534882,-90.3165188,2018,955
"MLS Listing",NA,"Single Family Residential","6571 Murdoch Ave","St Louis","MO",63109,399900,3,3,"South City",2291,6229,1935,17,175,NA,"Active","","","http://www.redfin.com/MO/St-Louis/6571-Murdoch-Ave-63109/home/93779481","MARIS","18095007","N","Y",38.5885266,-90.3060557,2018,956
"MLS Listing",NA,"Single Family Residential","754 Brownell Ave","St Louis","MO",63122,399900,3,3,"Kirkwood",1846,10019,1938,31,217,NA,"Active","January-6-2019 1:00 PM","January-6-2019 3:00 PM","http://www.redfin.com/MO/St-Louis/754-Brownell-Ave-63122/home/93529335","MARIS","18092837","N","Y",38.5934286,-90.3900477,2018,957
"MLS Listing",NA,"Single Family Residential","916 Trinity Ave","University City","MO",63130,399900,4,3,"University City",2310,9365,1924,50,173,NA,"Active","","","http://www.redfin.com/MO/University-City/916-Trinity-Ave-63130/home/93469946","MARIS","18090261","N","Y",38.6609911,-90.310318,2018,958
"MLS Listing",NA,"Single Family Residential","3525 Crittenden St","St Louis","MO",63118,399900,6,2,"Central East",2967,6360,1917,83,135,NA,"Active","","","http://www.redfin.com/MO/St-Louis/3525-Crittenden-St-63118/home/93692731","MARIS","18075614","N","Y",38.6035863,-90.2406464,2018,959
"For-Sale-by-Owner Listing",NA,"Single Family Residential","10347 Conway Rd","Frontenac","MO",63131,399999,3,2,"Country Life Acres",1853,7501,1985,42,216,NA,"Active","","","http://www.redfin.com/MO/Frontenac/10347-Conway-Rd-63131/home/93480081","Fizber.com","4988902","N","Y",38.641328,-90.407959,2018,960
"MLS Listing",NA,"Single Family Residential","6628 Neosho St","St Louis","MO",63109,400000,3,4,"South City",1698,4661,1954,119,236,NA,"Active","","","http://www.redfin.com/MO/St-Louis/6628-Neosho-St-63109/home/93779591","MARIS","18071139","N","Y",38.5871552,-90.3072702,2018,961
"MLS Listing",NA,"Single Family Residential","6232 Northwood Ave Unit 1W","St Louis","MO",63105,400000,3,2,"Central West",2106,2222,1926,71,190,400,"Active","","","http://www.redfin.com/MO/St-Louis/6232-Northwood-Ave-63105/unit-1W/home/113741358","MARIS","18084249","N","Y",38.6382916,-90.3048285,2018,962
"MLS Listing",NA,"Single Family Residential","239 Monica Dr Unit TBB","St Louis","MO",63127,400000,3,3,"Lindbergh",1820,5227,2017,401,220,NA,"Active","","","http://www.redfin.com/MO/St-Louis/239-Monica-Dr-63127/unit-TBB/home/144387137","MARIS","17091185","N","Y",38.557839,-90.401222,2018,963
"MLS Listing",NA,"Condo/Co-op","734 Windberry  Uc","Kirkwood","MO",63122,400000,2,2,"Kirkwood",1495,NA,NA,267,268,424,"Active","","","http://www.redfin.com/MO/Kirkwood/734-Windberry-Uc-63122/home/145301963","MARIS","18027268","N","Y",38.569892,-90.389545,2018,964
"MLS Listing",NA,"Single Family Residential","1 Saint Charles","St Louis","MO",63119,400000,4,3,"Webster Groves",2832,11195,1913,7,141,NA,"Active","January-6-2019 1:00 PM","January-6-2019 3:00 PM","http://www.redfin.com/MO/St-Louis/1-St-Charles-Pl-63119/home/93524209","MARIS","18095312","N","Y",38.5913412,-90.3317989,2018,965
"MLS Listing",NA,"Single Family Residential","7704 Shirley Dr #4","St Louis","MO",63105,402000,2,2,"Clayton",1301,2265,1927,2,309,300,"Active","","","http://www.redfin.com/MO/Clayton/7704-Shirley-Dr-63105/unit-4/home/62697984","MARIS","18096400","N","Y",38.6458291,-90.3350944,2018,966
"MLS Listing",NA,"Single Family Residential","1 Princeton @ Wilson Estates Ct","Oakville","MO",63376,406990,4,3,"Oakville",2779,NA,NA,251,146,NA,"Active","","","http://www.redfin.com/MO/Oakville/1-Princeton-Wilson-Estates-Ct-63376/home/145523857","MARIS","18033705","N","Y",38.657361,-90.311268,2018,967
"MLS Listing",NA,"Single Family Residential","3532 Arsenal","St Louis","MO",63118,409900,4,3,"Central East",2514,3441,1909,62,163,NA,"Active","","","http://www.redfin.com/MO/St-Louis/3532-Arsenal-St-63118/home/93692738","MARIS","18087967","N","Y",38.602319,-90.241289,2018,968
"MLS Listing",NA,"Single Family Residential","4333 Delmar","St Louis","MO",63108,409900,4,3,"Central West",2900,6011,NA,75,141,NA,"Active","","","http://www.redfin.com/MO/St-Louis/4333-Delmar-Blvd-63108/home/93676134","MARIS","18084056","N","Y",38.648574,-90.248844,2018,969
"MLS Listing",NA,"Multi-Family (2-4 Unit)","4545 Swan Ave","St Louis","MO",63110,411000,8,4,"South City",NA,5663,NA,78,NA,NA,"Active","","","http://www.redfin.com/MO/St-Louis/4545-Swan-Ave-63110/home/93749441","MARIS","18083091","N","Y",38.625416,-90.263494,2018,970
"MLS Listing",NA,"Multi-Family (2-4 Unit)","4553 Swan Ave","St Louis","MO",63110,411000,8,4,"South City",NA,5184,NA,78,NA,NA,"Active","","","http://www.redfin.com/MO/St-Louis/4553-Swan-Ave-63110/home/93749439","MARIS","18083100","N","Y",38.625374,-90.263795,2018,971
"MLS Listing",NA,"Single Family Residential","6206 Devonshire Ave","St Louis","MO",63109,415000,3,3,"South City",2078,5576,1940,46,200,NA,"Active","","","http://www.redfin.com/MO/St-Louis/6206-Devonshire-Ave-63109/home/93780039","MARIS","18089178","N","Y",38.5887837,-90.295779,2018,972
"MLS Listing",NA,"Single Family Residential","6531 Loran Ave","St Louis","MO",63109,419900,4,3,"South City",1822,6229,1941,76,230,NA,"Active","","","http://www.redfin.com/MO/St-Louis/6531-Loran-Ave-63109/home/62735669","MARIS","18083903","N","Y",38.5837563,-90.3056179,2018,973
"MLS Listing",NA,"Single Family Residential","15 Willmore Rd","St Louis","MO",63109,419900,3,3,"South City",2015,15987,1954,86,208,NA,"Active","","","http://www.redfin.com/MO/St-Louis/15-Willmore-Rd-63109/home/63615592","MARIS","18080742","N","Y",38.582273,-90.3083351,2018,974
"MLS Listing",NA,"Single Family Residential","3666 Cleveland Ave","St Louis","MO",63110,420000,4,3,"South City",2732,3267,1895,119,154,NA,"Active","","","http://www.redfin.com/MO/St-Louis/3666-Cleveland-Ave-63110/home/93700162","MARIS","18072008","N","Y",38.61045,-90.243101,2018,975
"MLS Listing",NA,"Single Family Residential","3711 Connecticut","St Louis","MO",63116,425000,4,3,"South City",2768,4530,1906,106,154,NA,"Active","","","http://www.redfin.com/MO/St-Louis/3711-Connecticut-St-63116/home/93699726","MARIS","18075468","N","Y",38.600577,-90.245474,2018,976
"MLS Listing",NA,"Single Family Residential","20 Magnolia Dr","St Louis","MO",63124,425000,3,2,"Ladue",1464,7200,1951,125,290,NA,"Active","January-6-2019 1:00 PM","January-6-2019 3:00 PM","http://www.redfin.com/MO/St-Louis/20-Magnolia-Dr-63124/home/93480586","MARIS","18067877","N","Y",38.6375344,-90.3871377,2018,977
"MLS Listing",NA,"Single Family Residential","10059 Briarwood Dr","St Louis","MO",63124,429000,3,3,"Ladue",1602,32234,1952,62,268,17,"Active","","","http://www.redfin.com/MO/St-Louis/10059-Briarwood-Dr-63124/home/93480210","MARIS","18087938","N","Y",38.6369625,-90.3996526,2018,978
"MLS Listing",NA,"Single Family Residential","401 Par Ln","St Louis","MO",63122,429000,3,3,"Kirkwood",2148,8625,1943,80,200,NA,"Active","January-6-2019 1:00 PM","January-6-2019 3:00 PM","http://www.redfin.com/MO/Kirkwood/401-Par-Ln-63122/home/93529000","MARIS","18082580","N","Y",38.592728,-90.399238,2018,979
"MLS Listing",NA,"Single Family Residential","3553 Commonwealth Ave","Maplewood","MO",63143,429900,5,3,"Maplewood-Rchmnd Hts",2168,7841,1903,15,198,NA,"Active","","","http://www.redfin.com/MO/St-Louis/3553-Commonwealth-Ave-63143/home/93508203","MARIS","18095045","N","Y",38.6028461,-90.3199746,2018,980
"MLS Listing",NA,"Single Family Residential","824 Brookside Dr","Glendale","MO",63122,429900,3,2,"Kirkwood",1901,8712,1941,1,226,NA,"Active","January-6-2019 1:00 PM","January-6-2019 3:00 PM","http://www.redfin.com/MO/St-Louis/824-Brookside-Dr-63122/home/93513122","MARIS","18094593","N","Y",38.6005863,-90.3884606,2018,981
"MLS Listing",NA,"Multi-Family (2-4 Unit)","3331 Salena","St Louis","MO",63118,430000,4,4,"Central East",3650,5706,1926,48,118,NA,"Active","","","http://www.redfin.com/MO/St-Louis/3331-Salena-St-63118/home/93694146","MARIS","18090226","N","Y",38.5934287,-90.219849,2018,982
"MLS Listing",NA,"Single Family Residential","3935 Shaw Blvd","St Louis","MO",63110,434625,3,3,"South City",2375,4095,1914,1,183,NA,"Active","","","http://www.redfin.com/MO/St-Louis/3935-Shaw-Blvd-63110/home/93756958","MARIS","18087128","N","Y",38.6160302,-90.2465379,2018,983
"MLS Listing",NA,"Single Family Residential","1003 W Lockwood Ave","St Louis","MO",63122,435000,4,2,"Kirkwood",1999,11935,1926,96,218,NA,"Active","","","http://www.redfin.com/MO/St-Louis/1003-W-Lockwood-Ave-63122/home/93526258","MARIS","18072266","N","Y",38.5832881,-90.3847402,2018,984
"MLS Listing",NA,"Single Family Residential","4750 Westminster Pl","St Louis","MO",63108,439000,5,3,"Central West",2975,6534,1910,85,148,NA,"Active","","","http://www.redfin.com/MO/St-Louis/4750-Westminster-Pl-63108/home/62697374","MARIS","18081214","N","Y",38.6490705,-90.2602988,2018,985
"MLS Listing",NA,"Condo/Co-op","8025 Maryland Ave Unit 4I","Clayton","MO",63105,439000,1,1,"Clayton",952,261,2006,83,461,410,"Active","","","http://www.redfin.com/MO/Clayton/8025-Maryland-Ave-63105/unit-4I/home/93326980","MARIS","18081633","N","Y",38.6523487,-90.3408204,2018,986
"MLS Listing",NA,"Single Family Residential","4420 Vista Ave","St Louis","MO",63110,439000,3,3,"South City",1904,3049,NA,1,231,NA,"Active","","","http://www.redfin.com/MO/St-Louis/4420-Vista-Ave-63110/home/145592519","MARIS","19000177","N","Y",38.6236262,-90.2597577,2018,987
"MLS Listing",NA,"Single Family Residential","5233 Shaw Ave","St Louis","MO",63110,439900,3,3,"South City",1850,NA,NA,143,238,NA,"Active","","","http://www.redfin.com/MO/St-Louis/5233-Shaw-Ave-63110/home/93727989","MARIS","18065199","N","Y",38.618361,-90.273576,2018,988
"MLS Listing",NA,"Single Family Residential","7040 Waterman Ave","St Louis","MO",63130,440000,4,2,"University City",2424,7013,1922,119,182,NA,"Active","January-6-2019 1:00 PM","January-6-2019 3:00 PM","http://www.redfin.com/MO/University-City/7040-Waterman-Ave-63130/home/93468152","MARIS","18072316","N","Y",38.6530939,-90.3165633,2018,989
"MLS Listing",NA,"Single Family Residential","3838 Utah Pl","St Louis","MO",63116,440000,3,3,"South City",2560,7144,1906,85,172,NA,"Active","","","http://www.redfin.com/MO/St-Louis/3838-N-Utah-Pl-63116/home/93700023","MARIS","18080435","N","Y",38.5973336,-90.2484699,2018,990
"MLS Listing",NA,"Single Family Residential","5231 Shaw Ave","St Louis","MO",63110,449000,3,3,"South City",1850,NA,NA,143,243,NA,"Active","","","http://www.redfin.com/MO/St-Louis/5231-Shaw-Ave-63110/home/93727990","MARIS","18065172","N","Y",38.6182688,-90.2735344,2018,991
"MLS Listing",NA,"Single Family Residential","7457 Kingsbury Blvd","University City","MO",63130,449000,3,3,"University City",2125,5184,1928,146,211,4,"Active","January-6-2019 1:00 PM","January-6-2019 3:00 PM","http://www.redfin.com/MO/University-City/7457-Kingsbury-Blvd-63130/home/62762312","MARIS","18064290","N","Y",38.655515,-90.331597,2018,992
"MLS Listing",NA,"Single Family Residential","3810 Botanical Ave","St Louis","MO",63110,449900,4,5,"South City",2920,3964,1896,93,154,NA,"Active","","","http://www.redfin.com/MO/St-Louis/3810-Botanical-Ave-63110/home/93699823","MARIS","18079201","N","Y",38.6088259,-90.2440922,2018,993
"MLS Listing",NA,"Single Family Residential","523 Des Peres Ave","St Louis","MO",63112,449900,3,3,"Central West",2258,NA,NA,188,199,NA,"Active","","","http://www.redfin.com/MO/St-Louis/523-Des-Peres-Ave-63112/home/146130036","MARIS","18051448","N","Y",38.6537607,-90.294248,2018,994
"MLS Listing",NA,"Single Family Residential","7603 Suffolk Ave","Shrewsbury","MO",63119,449900,4,3,"Webster Groves",2307,NA,NA,50,195,NA,"Active","","","http://www.redfin.com/MO/St-Louis/7603-Suffolk-Ave-63119/home/142970489","MARIS","18087798","N","Y",38.598667,-90.328027,2018,995
"MLS Listing",NA,"Single Family Residential","6229 Mackenzie Valley Ct","Affton","MO",63123,449900,3,3,"Affton",2590,6098,NA,93,174,33,"Active","","","http://www.redfin.com/MO/Affton/6229-MacKenzie-Rd-63123/home/147377772","MARIS","18077348","N","Y",38.559308,-90.3212,2018,996
"MLS Listing",NA,"Single Family Residential","4270 Delmar Blvd","St Louis","MO",63108,450000,5,5,"Central West",5687,9496,1893,153,79,NA,"Active","","","http://www.redfin.com/MO/St-Louis/4270-Delmar-Blvd-63108/home/103203752","MARIS","18063186","N","Y",38.6474997,-90.2479049,2018,997
"MLS Listing",NA,"Single Family Residential","8394 Big Bnd","St Louis","MO",63119,450000,3,3,"Webster Groves",2281,7797,1926,29,197,NA,"Active","","","http://www.redfin.com/MO/Webster-Groves/8394-Big-Bend-Blvd-63119/home/93525106","MARIS","18092192","N","Y",38.586478,-90.34895,2018,998
"MLS Listing",NA,"Single Family Residential","6035 Mcpherson Ave","St Louis","MO",63112,450000,4,3,"Central West",3192,4704,1910,190,141,NA,"Active","","","http://www.redfin.com/MO/St-Louis/6035-McPherson-Ave-63112/home/93760536","MARIS","18051680","N","Y",38.6516089,-90.2955082,2018,999
"MLS Listing",NA,"Single Family Residential","8943 Litzsinger","St Louis","MO",63144,450000,4,3,"Brentwood",2702,5358,2007,50,167,33,"Active","","","http://www.redfin.com/MO/Brentwood/8943-Litzsinger-Rd-63144/home/93327499","MARIS","18090148","N","Y",38.6181622,-90.3523682,2018,1000
"MLS Listing",NA,"Single Family Residential","8680 Pardee Rd","Crestwood","MO",63126,454900,3,3,"Lindbergh",2350,13504,2008,64,194,NA,"Active","","","http://www.redfin.com/MO/St-Louis/8680-Pardee-Ln-63126/home/93562168","MARIS","18080920","N","Y",38.559454,-90.366166,2018,1001
"MLS Listing",NA,"Single Family Residential","120 Roseacre","St Louis","MO",63119,455000,3,3,"Webster Groves",1988,12023,1941,64,229,NA,"Active","","","http://www.redfin.com/MO/Webster-Groves/120-Roseacre-Ln-63119/home/93543760","MARIS","18087345","N","Y",38.5788899,-90.3622673,2018,1002
"MLS Listing",NA,"Single Family Residential","4 Country Fair","Creve Coeur","MO",63141,455000,4,3,"Ladue",1758,16901,1956,267,259,NA,"Active","","","http://www.redfin.com/MO/Creve-Coeur/4-Country-Fair-Ln-63141/home/93472527","MARIS","18025121","N","Y",38.656488,-90.407902,2018,1003
"MLS Listing",NA,"Single Family Residential","5239 Shaw Ave","St Louis","MO",63110,459000,3,3,"South City",1915,5097,NA,143,240,NA,"Active","","","http://www.redfin.com/MO/St-Louis/5239-Shaw-Ave-63110/home/93727992","MARIS","18065227","N","Y",38.618381,-90.273768,2018,1004
"MLS Listing",NA,"Single Family Residential","6568 Delor St","St Louis","MO",63109,459900,4,4,"South City",2348,5097,1936,92,196,NA,"Active","","","http://www.redfin.com/MO/St-Louis/6568-Delor-St-63109/home/93779775","MARIS","18079398","N","Y",38.5852467,-90.3066169,2018,1005
"MLS Listing",NA,"Single Family Residential","3300 Lemp Ave","St Louis","MO",63118,459900,4,4,"Central East",3250,NA,1901,174,142,NA,"Active","","","http://www.redfin.com/MO/St-Louis/3300-Lemp-Ave-63118/home/103203562","MARIS","18055658","N","Y",38.594028,-90.2180659,2018,1006
"MLS Listing",NA,"Condo/Co-op","4101 Laclede Ave #316","St Louis","MO",63108,465000,2,2,"Central West",1568,33236,NA,328,297,564,"Active","","","http://www.redfin.com/MO/St-Louis/4101-Laclede-Ave-63108/unit-316/home/143940047","MARIS","17093759","N","Y",38.637596,-90.246949,2018,1007
"MLS Listing",NA,"Single Family Residential","521 Des Peres Ave","St Louis","MO",63112,465000,3,4,"Central West",2258,NA,NA,188,206,NA,"Active","","","http://www.redfin.com/MO/Des-Peres/521-Des-Peres-Rd-63131/home/93760446","MARIS","18051447","N","Y",38.653646,-90.294146,2018,1008
"MLS Listing",NA,"Single Family Residential","7463 Kingsbury Blvd","St Louis","MO",63130,470000,4,2,"University City",2533,4748,1928,92,186,4,"Active","January-6-2019 1:00 PM","January-6-2019 3:00 PM","http://www.redfin.com/MO/University-City/7463-Kingsbury-Blvd-63130/home/62742062","MARIS","18080007","N","Y",38.655511,-90.331961,2018,1009
"MLS Listing",NA,"Single Family Residential","7745 Gannon Ave","St Louis","MO",63130,475000,4,4,"University City",2538,5663,1937,22,187,NA,"Active","","","http://www.redfin.com/MO/University-City/7745-Gannon-Ave-63130/home/93471071","MARIS","18093319","N","Y",38.6607007,-90.3392504,2018,1010
"MLS Listing",NA,"Condo/Co-op","4901 Washington Blvd Unit 5A","St Louis","MO",63108,476500,3,2,"Central West",2500,NA,2003,307,191,577,"Active","","","http://www.redfin.com/MO/St-Louis/4901-Washington-Blvd-63108/unit-5A/home/62712411","MARIS","18015459","N","Y",38.650524,-90.2609095,2018,1011
"MLS Listing",NA,"Single Family Residential","7200 Pershing Ave","University City","MO",63130,479000,6,2,"University City",2410,6490,1918,93,199,NA,"Active","","","http://www.redfin.com/MO/University-City/7200-Pershing-Ave-63130/home/93468474","MARIS","18079553","N","Y",38.6526051,-90.3216665,2018,1012
"MLS Listing",NA,"Condo/Co-op","4200 Laclede Ave #205","St Louis","MO",63108,479000,3,3,"Central West",2324,NA,1912,241,206,420,"Active","","","http://www.redfin.com/MO/St-Louis/4200-Laclede-Ave-63108/unit-205/home/93672340","MARIS","18036272","N","Y",38.6374734,-90.2491617,2018,1013
"MLS Listing",NA,"Single Family Residential","8604 Grantwood Trails Ct","St Louis","MO",63123,479900,4,5,"Affton",3656,9148,1995,114,131,17,"Active","","","http://www.redfin.com/MO/St-Louis/8604-Grantwood-Trails-Ct-63123/home/93561009","MARIS","18073441","N","Y",38.5625551,-90.3561179,2018,1014
"MLS Listing",NA,"Single Family Residential","19 Midpark Ln","Ladue","MO",63124,479900,5,2,"Ladue",2499,7187,1935,111,192,NA,"Active","January-6-2019 2:00 PM","January-6-2019 4:00 PM","http://www.redfin.com/MO/St-Louis/19-Midpark-Ln-63124/home/93480501","MARIS","18074007","N","Y",38.637026,-90.388429,2018,1015
"MLS Listing",NA,"Multi-Family (5+ Unit)","5001 Lindenwood Ave","St Louis","MO",63109,480000,NA,NA,"South City",NA,NA,1929,162,NA,NA,"Active","","","http://www.redfin.com/MO/St-Louis/5001-Lindenwood-Ave-63109/home/62772517","MARIS","18060635","N","Y",38.5927082,-90.2764515,2018,1016
"MLS Listing",NA,"Multi-Family (2-4 Unit)","1526 Claytonia Ter","Richmond Heights","MO",63117,484000,5,2.5,"Maplewood-Rchmnd Hts",3052,6839,1935,12,159,NA,"Active","","","http://www.redfin.com/MO/Richmond-Heights/1526-Claytonia-Ter-63117/home/93486604","MARIS","18095606","N","Y",38.6252901,-90.3230981,2018,1017
"MLS Listing",NA,"Single Family Residential","7595 Lindbergh Dr","Richmond Heights","MO",63117,484000,3,2,"Maplewood-Rchmnd Hts",3052,6839,1935,12,159,NA,"Active","","","http://www.redfin.com/MO/Richmond-Heights/7595-Lindbergh-Dr-63117/home/76771032","MARIS","18095614","N","Y",38.625281,-90.3230774,2018,1018
"MLS Listing",NA,"Single Family Residential","519 Des Peres Ave","St Louis","MO",63112,485000,3,4,"Central West",2258,NA,NA,188,215,NA,"Active","","","http://www.redfin.com/MO/St-Louis/519-Des-Peres-Ave-63112/home/146130035","MARIS","18051449","N","Y",38.6536125,-90.2941744,2018,1019
"MLS Listing",NA,"Single Family Residential","3909 Cleveland Ave","St Louis","MO",63110,489900,4,3,"South City",3114,4356,1909,53,157,NA,"Active","January-6-2019 11:00 AM","January-6-2019 2:00 PM","http://www.redfin.com/MO/St-Louis/3909-Cleveland-Ave-63110/home/93746256","MARIS","18089531","N","Y",38.6113008,-90.2464239,2018,1020
"MLS Listing",NA,"Single Family Residential","8013 Central Park Dr","St Louis","MO",63117,490000,4,4,"Clayton",2144,1307,2018,240,229,240,"Active","","","http://www.redfin.com/MO/St-Louis/8013-Central-Park-Dr-63117/home/145581483","MARIS","18035870","N","Y",38.633511,-90.342337,2018,1021
"MLS Listing",NA,"Single Family Residential","7008 Kingsbury Blvd","St Louis","MO",63130,494900,3,3,"University City",2187,8756,1922,113,226,NA,"Active","","","http://www.redfin.com/MO/University-City/7008-Kingsbury-Blvd-63130/home/93468599","MARIS","18073947","N","Y",38.653916,-90.315099,2018,1022
"For-Sale-by-Owner Listing",NA,"Single Family Residential","2226 McNair Ave","St. Louis","MO",63104,495000,3,2.5,"Saint Louis",13800,18730,1910,252,36,NA,"Active","","","http://www.redfin.com/MO/St-Louis/2226-McNair-Ave-63104/home/145506458","Fizber.com","4960134","N","Y",38.6078011,-90.2175096,2018,1023
"MLS Listing",NA,"Single Family Residential","3519 Sidney St","St Louis","MO",63104,495000,4,3,"Central East",3619,5062,1896,21,137,NA,"Active","","","http://www.redfin.com/MO/St-Louis/3519-Sidney-St-63104/home/93692394","MARIS","18094491","N","Y",38.6080971,-90.2395743,2018,1024
"MLS Listing",NA,"Single Family Residential","8006 Central Park Dr","St Louis","MO",63117,495000,3,4,"Clayton",2144,1307,2018,240,231,240,"Active","","","http://www.redfin.com/MO/Richmond-Heights/8006-Central-Park-Dr-63117/home/145581425","MARIS","18035822","N","Y",38.633693,-90.342114,2018,1025
"MLS Listing",NA,"Single Family Residential","4415 Vista Ave","St Louis","MO",63110,499000,4,4,"South City",1935,4356,2018,37,258,NA,"Active","January-6-2019 1:00 PM","January-6-2019 3:00 PM","http://www.redfin.com/MO/St-Louis/4415-Vista-Ave-63110/home/93726088","MARIS","18091783","N","Y",38.6240796,-90.259602,2018,1026
"New Construction Plan",NA,"Single Family Residential","Lot 3 Creekside Plan","Saint Louis","MO",63122,499000,3,2.5,"The Timbers Creekside",2534,NA,NA,NA,197,NA,"Active","","","http://www.redfin.com/MO/Kirkwood/The-Timbers-Creekside/Lot-3-Creekside-Plan/home/108851084","NewHomeSource.com","Plan-60790124","N","Y",38.574761,-90.397556,2018,1027
"MLS Listing",NA,"Condo/Co-op","750 S Hanley Rd #350","St Louis","MO",63105,499000,2,2,"Clayton",1720,1133,1991,34,290,894,"Active","","","http://www.redfin.com/MO/St-Louis/750-S-Hanley-Rd-63105/unit-350/home/62718176","MARIS","18091857","N","Y",38.6403614,-90.3345921,2018,1028
"MLS Listing",NA,"Multi-Family (2-4 Unit)","4113 Tesson","St Louis","MO",63123,499900,NA,NA,"South City",NA,6229,1950,66,NA,NA,"Active","","","http://www.redfin.com/MO/St-Louis/4113-Tesson-Ct-63123/home/147923312","MARIS","18084206","N","Y",38.5535996,-90.2763345,2018,1029
"MLS Listing",NA,"Single Family Residential","549 Purdue Ave","University City","MO",63130,499900,3,3,"University City",2305,6621,1928,204,217,29,"Active","","","http://www.redfin.com/MO/University-City/549-Purdue-Ave-63130/home/93468823","MARIS","18047556","N","Y",38.656125,-90.32655,2018,1030
"MLS Listing",NA,"Single Family Residential","4167 Washington Blvd","St Louis","MO",63108,499900,8,9,"Central West",8000,NA,1894,321,62,NA,"Active","","","http://www.redfin.com/MO/St-Louis/4167-Washington-Blvd-63108/home/62772767","MARIS","18010034","N","Y",38.645656,-90.2450099,2018,1031
"MLS Listing",NA,"Single Family Residential","3847 Holly Hls","St Louis","MO",63116,499900,3,4,"South City",3132,10106,1932,84,160,NA,"Active","","","http://www.redfin.com/MO/St-Louis/3847-Holly-Hills-Blvd-63116/home/93773684","MARIS","18081903","N","Y",38.5645032,-90.2627194,2018,1032
"MLS Listing",NA,"Single Family Residential","7144 Pershing Ave","St Louis","MO",63130,499900,4,3,"University City",2575,5619,1918,32,194,NA,"Active","","","http://www.redfin.com/MO/University-City/7144-Pershing-Ave-63130/home/93468124","MARIS","18092545","N","Y",38.652422,-90.320117,2018,1033
"MLS Listing",NA,"Single Family Residential","8001 Central Park Dr","St Louis","MO",63117,500000,4,4,"Clayton",2144,1307,2018,104,233,240,"Active","","","http://www.redfin.com/MO/Richmond-Heights/8001-Central-Park-Dr-63117/home/147152715","MARIS","18075066","N","Y",38.633471,-90.342193,2018,1034
"MLS Listing",NA,"Townhouse","4101 Laclede Ave #104","St Louis","MO",63108,500000,2,3,"Central West",1537,33236,NA,328,325,553,"Active","","","http://www.redfin.com/MO/St-Louis/4101-Laclede-Ave-63108/unit-104/home/113001952","MARIS","17093761","N","Y",38.637596,-90.246949,2018,1035
"MLS Listing",NA,"Single Family Residential","1932 Virginia Ave","St Louis","MO",63104,500000,4,4,"South City",2450,2744,2018,68,204,NA,"Active","","","http://www.redfin.com/MO/St-Louis/1932-Virginia-Ave-63104/home/147879799","MARIS","18086572","N","Y",38.6136019,-90.2338119,2018,1036
"MLS Listing",NA,"Condo/Co-op","232 N Kingshighway Blvd #902","St Louis","MO",63108,510000,1,2,"Central West",1240,NA,1928,134,411,672,"Active","","","http://www.redfin.com/MO/St-Louis/232-Kingshighway-Blvd-63108/unit-902/home/62767195","MARIS","18066923","N","Y",38.6444816,-90.2645261,2018,1037
"MLS Listing",NA,"Single Family Residential","3730 Utah Pl","St Louis","MO",63116,515000,5,4,"South City",3045,9892,1909,101,169,NA,"Active","","","http://www.redfin.com/MO/St-Louis/3730-N-Utah-Pl-63116/home/93699916","MARIS","18075511","N","Y",38.5971495,-90.2466669,2018,1038
"MLS Listing",NA,"Single Family Residential","1017 S Berry","Oakland","MO",63122,515000,3,3,"Kirkwood",2400,13939,2017,82,215,NA,"Active","","","http://www.redfin.com/MO/St-Louis/1017-S-Berry-Rd-63122/home/93543509","MARIS","18080856","N","Y",38.5769556,-90.3775114,2018,1039
"MLS Listing",NA,"Condo/Co-op","209 S Taylor Ave #14","Kirkwood","MO",63122,515000,3,4,"Kirkwood",2370,1699,2004,48,217,337,"Active","","","http://www.redfin.com/MO/St-Louis/209-S-Taylor-Ave-63122/unit-14/home/93324211","MARIS","18090498","N","Y",38.5794372,-90.4043171,2018,1040
"MLS Listing",NA,"Single Family Residential","125 W Thornton Ave","St Louis","MO",63119,515000,4,3,"Webster Groves",2600,9801,NA,325,198,NA,"Active","January-6-2019 1:00 PM","January-6-2019 4:00 PM","http://www.redfin.com/MO/Webster-Groves/125-W-Thornton-Ave-63119/home/93509723","MARIS","18007872","N","Y",38.6048836,-90.3587834,2018,1041
"MLS Listing",NA,"Single Family Residential","7704 Country Club Ct","Clayton","MO",63105,519000,3,2,"Clayton",2156,7318,1925,113,241,NA,"Active","","","http://www.redfin.com/MO/Clayton/7704-Country-Club-Ct-63105/home/93479826","MARIS","18073973","N","Y",38.6447434,-90.3351495,2018,1042
"MLS Listing",NA,"Single Family Residential","15 Kings Lynn","St Louis","MO",63132,520000,4,4,"Ladue",2160,16814,1951,55,241,14,"Active","","","http://www.redfin.com/MO/Olivette/15-Kings-Lynn-63132/home/62702105","MARIS","18087994","N","Y",38.664553,-90.367338,2018,1043
"MLS Listing",NA,"Single Family Residential","634 Lee Ave","Webster Groves","MO",63119,520000,4,3,"Webster Groves",2285,16901,1951,25,228,NA,"Active","","","http://www.redfin.com/MO/Webster-Groves/634-Lee-Ave-63119/home/93511027","MARIS","18092596","N","Y",38.598704,-90.3724019,2018,1044
"MLS Listing",NA,"Single Family Residential","7129 Washington Ave","University City","MO",63130,524000,4,3,"University City",2442,9601,1918,92,215,NA,"Active","","","http://www.redfin.com/MO/University-City/7129-Washington-Ave-63130/home/93469206","MARIS","18076901","N","Y",38.6562459,-90.3176083,2018,1045
"MLS Listing",NA,"Single Family Residential","9000 Fernald Dr","St Louis","MO",63123,525000,3,3,"Lindbergh",2542,19079,1960,1,207,NA,"Active","January-6-2019 1:00 PM","January-6-2019 3:00 PM","http://www.redfin.com/MO/St-Louis/9000-Fernald-Dr-63123/home/93560401","MARIS","18095746","N","Y",38.5533695,-90.3483063,2018,1046
"MLS Listing",NA,"Single Family Residential","3258 Copelin Ave","St Louis","MO",63104,525000,4,4,"Central East",3728,7362,1901,78,141,30,"Active","","","http://www.redfin.com/MO/St-Louis/3258-Copelin-Ave-63104/home/93689591","MARIS","18083095","N","Y",38.6153543,-90.2347006,2018,1047
"MLS Listing",NA,"Single Family Residential","7015 Waterman Ave","St Louis","MO",63130,529500,3,3,"University City",2296,5881,1920,101,231,NA,"Active","","","http://www.redfin.com/MO/University-City/7015-Waterman-Ave-63130/home/62731683","MARIS","18076695","N","Y",38.6534006,-90.3153124,2018,1048
"MLS Listing",NA,"Condo/Co-op","4545 Lindell Blvd #18","St Louis","MO",63108,529900,1,2,"Central West",1525,NA,2008,90,347,540,"Active","","","http://www.redfin.com/MO/St-Louis/4545-Lindell-Blvd-63108/unit-18/home/146873883","MARIS","18080572","N","Y",38.6432895,-90.2594755,2018,1049
"MLS Listing",NA,"Single Family Residential","4361 Washington Blvd","St Louis","MO",63108,529900,4,4,"Central West",2600,4225,NA,70,204,NA,"Active","","","http://www.redfin.com/MO/St-Louis/4361-Washington-Blvd-63108/home/103203273","MARIS","18086135","N","Y",38.647955,-90.250232,2018,1050
"MLS Listing",NA,"Single Family Residential","1932 Virginia Ave","St Louis","MO",63104,500000,4,4,"South City",2450,2744,2018,68,204,NA,"Active","","","http://www.redfin.com/MO/St-Louis/1932-Virginia-Ave-63104/home/147879799","MARIS","18086572","N","Y",38.6136019,-90.2338119,2018,1051
"MLS Listing",NA,"Single Family Residential","8001 Central Park Dr","St Louis","MO",63117,500000,4,4,"Clayton",2144,1307,2018,104,233,240,"Active","","","http://www.redfin.com/MO/Richmond-Heights/8001-Central-Park-Dr-63117/home/147152715","MARIS","18075066","N","Y",38.633471,-90.342193,2018,1052
"MLS Listing",NA,"Townhouse","4101 Laclede Ave #104","St Louis","MO",63108,500000,2,3,"Central West",1537,33236,NA,328,325,553,"Active","","","http://www.redfin.com/MO/St-Louis/4101-Laclede-Ave-63108/unit-104/home/113001952","MARIS","17093761","N","Y",38.637596,-90.246949,2018,1053
"MLS Listing",NA,"Condo/Co-op","232 N Kingshighway Blvd #902","St Louis","MO",63108,510000,1,2,"Central West",1240,NA,1928,134,411,672,"Active","","","http://www.redfin.com/MO/St-Louis/232-Kingshighway-Blvd-63108/unit-902/home/62767195","MARIS","18066923","N","Y",38.6444816,-90.2645261,2018,1054
"MLS Listing",NA,"Condo/Co-op","209 S Taylor Ave #14","Kirkwood","MO",63122,515000,3,4,"Kirkwood",2370,1699,2004,48,217,337,"Active","","","http://www.redfin.com/MO/St-Louis/209-S-Taylor-Ave-63122/unit-14/home/93324211","MARIS","18090498","N","Y",38.5794372,-90.4043171,2018,1055
"MLS Listing",NA,"Single Family Residential","125 W Thornton Ave","St Louis","MO",63119,515000,4,3,"Webster Groves",2600,9801,NA,325,198,NA,"Active","January-6-2019 1:00 PM","January-6-2019 4:00 PM","http://www.redfin.com/MO/Webster-Groves/125-W-Thornton-Ave-63119/home/93509723","MARIS","18007872","N","Y",38.6048836,-90.3587834,2018,1056
"MLS Listing",NA,"Single Family Residential","3730 Utah Pl","St Louis","MO",63116,515000,5,4,"South City",3045,9892,1909,101,169,NA,"Active","","","http://www.redfin.com/MO/St-Louis/3730-N-Utah-Pl-63116/home/93699916","MARIS","18075511","N","Y",38.5971495,-90.2466669,2018,1057
"MLS Listing",NA,"Single Family Residential","1017 S Berry","Oakland","MO",63122,515000,3,3,"Kirkwood",2400,13939,2017,82,215,NA,"Active","","","http://www.redfin.com/MO/St-Louis/1017-S-Berry-Rd-63122/home/93543509","MARIS","18080856","N","Y",38.5769556,-90.3775114,2018,1058
"MLS Listing",NA,"Single Family Residential","7704 Country Club Ct","Clayton","MO",63105,519000,3,2,"Clayton",2156,7318,1925,113,241,NA,"Active","","","http://www.redfin.com/MO/Clayton/7704-Country-Club-Ct-63105/home/93479826","MARIS","18073973","N","Y",38.6447434,-90.3351495,2018,1059
"MLS Listing",NA,"Single Family Residential","634 Lee Ave","Webster Groves","MO",63119,520000,4,3,"Webster Groves",2285,16901,1951,25,228,NA,"Active","","","http://www.redfin.com/MO/Webster-Groves/634-Lee-Ave-63119/home/93511027","MARIS","18092596","N","Y",38.598704,-90.3724019,2018,1060
"MLS Listing",NA,"Single Family Residential","15 Kings Lynn","St Louis","MO",63132,520000,4,4,"Ladue",2160,16814,1951,55,241,14,"Active","","","http://www.redfin.com/MO/Olivette/15-Kings-Lynn-63132/home/62702105","MARIS","18087994","N","Y",38.664553,-90.367338,2018,1061
"MLS Listing",NA,"Single Family Residential","7129 Washington Ave","University City","MO",63130,524000,4,3,"University City",2442,9601,1918,92,215,NA,"Active","","","http://www.redfin.com/MO/University-City/7129-Washington-Ave-63130/home/93469206","MARIS","18076901","N","Y",38.6562459,-90.3176083,2018,1062
"MLS Listing",NA,"Single Family Residential","9000 Fernald Dr","St Louis","MO",63123,525000,3,3,"Lindbergh",2542,19079,1960,1,207,NA,"Active","January-6-2019 1:00 PM","January-6-2019 3:00 PM","http://www.redfin.com/MO/St-Louis/9000-Fernald-Dr-63123/home/93560401","MARIS","18095746","N","Y",38.5533695,-90.3483063,2018,1063
"MLS Listing",NA,"Single Family Residential","3258 Copelin Ave","St Louis","MO",63104,525000,4,4,"Central East",3728,7362,1901,78,141,30,"Active","","","http://www.redfin.com/MO/St-Louis/3258-Copelin-Ave-63104/home/93689591","MARIS","18083095","N","Y",38.6153543,-90.2347006,2018,1064
"MLS Listing",NA,"Single Family Residential","7015 Waterman Ave","St Louis","MO",63130,529500,3,3,"University City",2296,5881,1920,101,231,NA,"Active","","","http://www.redfin.com/MO/University-City/7015-Waterman-Ave-63130/home/62731683","MARIS","18076695","N","Y",38.6534006,-90.3153124,2018,1065
"MLS Listing",NA,"Single Family Residential","4361 Washington Blvd","St Louis","MO",63108,529900,4,4,"Central West",2600,4225,NA,70,204,NA,"Active","","","http://www.redfin.com/MO/St-Louis/4361-Washington-Blvd-63108/home/103203273","MARIS","18086135","N","Y",38.647955,-90.250232,2018,1066
"MLS Listing",NA,"Condo/Co-op","4545 Lindell Blvd #18","St Louis","MO",63108,529900,1,2,"Central West",1525,NA,2008,90,347,540,"Active","","","http://www.redfin.com/MO/St-Louis/4545-Lindell-Blvd-63108/unit-18/home/146873883","MARIS","18080572","N","Y",38.6432895,-90.2594755,2018,1067
"MLS Listing",NA,"Multi-Family (5+ Unit)","1514 Mccausland Ave","St Louis","MO",63117,534900,NA,NA,"South City",8085,18295,1925,203,66,NA,"Active","","","http://www.redfin.com/MO/St-Louis/1514-McCausland-Ave-63117/home/93740583","MARIS","18048447","N","Y",38.6247501,-90.3071699,2018,1068
"For-Sale-by-Owner Listing",NA,"Single Family Residential","515 Dickson St","Kirkwood","MO",63122,535000,4,3,"Saint Louis",3001,19166,1926,245,178,NA,"Active","","","http://www.redfin.com/MO/Kirkwood/515-Dickson-St-63122/home/93529104","Fizber.com","4960885","N","Y",38.5875086,-90.3948682,2018,1069
"MLS Listing",NA,"Single Family Residential","3874 Utah Pl","St Louis","MO",63116,535000,4,4,"South City",2726,6273,1906,99,196,NA,"Active","","","http://www.redfin.com/MO/St-Louis/3874-N-Utah-Pl-63116/home/93700041","MARIS","18077390","N","Y",38.5974323,-90.2496721,2018,1070
"MLS Listing",NA,"Single Family Residential","1 Lisa Dr","Olivette","MO",63132,539500,4,3,"Ladue",2484,NA,1960,92,217,8,"Active","","","http://www.redfin.com/MO/Olivette/1-Lisa-Dr-63132/home/93463032","MARIS","18080212","N","Y",38.6633611,-90.3940586,2018,1071
"MLS Listing",NA,"Condo/Co-op","520 North And South #102","University City","MO",63130,545000,2,3,"University City",2000,1368,2004,16,273,650,"Active","","","http://www.redfin.com/MO/St-Louis/520-N-and-South-Rd-63130/unit-102/home/93321718","MARIS","18095151","N","Y",38.6578059,-90.3373804,2018,1072
"MLS Listing",NA,"Condo/Co-op","315 N Meramec Ave Unit 1D","St Louis","MO",63105,545000,2,3,"Clayton",2050,1742,2001,118,266,500,"Active","January-13-2019 1:00 PM","January-13-2019 3:00 PM","http://www.redfin.com/MO/Clayton/315-N-Meramec-Ave-63105/unit-1D/home/93626702","MARIS","18072116","N","Y",38.6561826,-90.3389172,2018,1073
"MLS Listing",NA,"Single Family Residential","7926 Gannon Ave","University City","MO",63130,546000,3,3,"University City",2544,8712,1935,73,215,NA,"Active","","","http://www.redfin.com/MO/University-City/7926-Gannon-Ave-63130/home/62731088","MARIS","18082881","N","Y",38.6605705,-90.3432925,2018,1074
"MLS Listing",NA,"Condo/Co-op","4909 Laclede Ave #806","St Louis","MO",63108,549000,2,3,"Central West",1854,NA,2008,169,296,979,"Active","","","http://www.redfin.com/MO/St-Louis/4909-Laclede-Ave-63108/unit-806/home/93678524","MARIS","18057450","N","Y",38.640664,-90.262562,2018,1075
"MLS Listing",NA,"Single Family Residential","518 Mason Tbb Ave","Webster Groves","MO",63119,549900,4,3,"Webster Groves",2329,6534,NA,230,236,NA,"Active","","","http://www.redfin.com/MO/Webster-Groves/518-Mason-Ave-63119/home/93509823","MARIS","18039533","N","Y",38.605496,-90.34483,2018,1076
"MLS Listing",NA,"Single Family Residential","2308 Hilton Ave","St Louis","MO",63144,550000,4,3,"Brentwood",2400,4443,NA,84,229,NA,"Active","","","http://www.redfin.com/MO/Brentwood/2308-Hilton-Ave-63144/home/93499004","MARIS","18081929","N","Y",38.6195805,-90.3508794,2018,1077
"MLS Listing",NA,"Single Family Residential","3215 Indiana Ave","St Louis","MO",63118,550000,5,4,"Central East",4076,6186,1893,86,135,NA,"Active","","","http://www.redfin.com/MO/St-Louis/3215-Indiana-Ave-63118/home/93694263","MARIS","18079724","N","Y",38.5962465,-90.2237788,2018,1078
"MLS Listing",NA,"Single Family Residential","7053 Northmoor Dr","St Louis","MO",63105,550000,4,3,"University City",3362,10019,1923,202,164,NA,"Active","","","http://www.redfin.com/MO/St-Louis/7053-Northmoor-Dr-63105/home/76771033","MARIS","18048391","N","Y",38.6469198,-90.3185444,2018,1079
"MLS Listing",NA,"Condo/Co-op","4909 Laclede Ave #706","St Louis","MO",63108,559000,2,3,"Central West",1854,NA,2006,22,302,979,"Active","","","http://www.redfin.com/MO/St-Louis/4909-Laclede-Ave-63108/unit-706/home/103203148","MARIS","18093730","N","Y",38.640664,-90.262562,2018,1080
"MLS Listing",NA,"Single Family Residential","2044 Lafayette Ave","St Louis","MO",63104,559000,7,4,"Central East",5016,12327,1878,182,111,NA,"Active","","","http://www.redfin.com/MO/St-Louis/2044-Lafayette-Ave-63104/home/93690280","MARIS","18054065","N","Y",38.6139176,-90.2158211,2018,1081
"MLS Listing",NA,"Single Family Residential","5093 Washington","St Louis","MO",63108,565000,5,4,"Central West",4800,7841,1902,207,118,NA,"Active","","","http://www.redfin.com/MO/St-Louis/5093-Washington-63108/home/147807441","MARIS","18010676","N","Y",38.651141,-90.267049,2018,1082
"MLS Listing",NA,"Vacant Land","5354 Delmar Pl Ct","St Louis","MO",63112,575000,NA,NA,"Central West",NA,43560,NA,149,NA,NA,"Active","","","http://www.redfin.com/MO/St-Louis/5354-Delmar-Blvd-63112/home/79108384","MARIS","18064008","N","Y",38.652837,-90.275739,2018,1083
"MLS Listing",NA,"Single Family Residential","8025 Lafon","St Louis","MO",63130,575000,4,4,"University City",3168,21780,1947,175,182,NA,"Active","January-6-2019 12:00 PM","January-6-2019 2:00 PM","http://www.redfin.com/MO/University-City/8025-Lafon-Pl-63130/home/88576893","MARIS","18056191","N","Y",38.658084,-90.3466339,2018,1084
"MLS Listing",NA,"Single Family Residential","128 Hammel Ave","St Louis","MO",63119,575000,5,4,"Webster Groves",2800,7144,NA,631,205,NA,"Active","","","http://www.redfin.com/MO/St-Louis/128-Hammel-Ave-63119/home/113715072","MARIS","17029117","N","Y",38.596864,-90.3723823,2018,1085
"MLS Listing",NA,"Single Family Residential","5514 Botanical Ave","St Louis","MO",63110,575000,4,4,"South City",2520,NA,NA,90,228,NA,"Active","","","http://www.redfin.com/MO/St-Louis/5514-Botanical-Ave-63110/home/62743408","MARIS","18080658","N","Y",38.6122648,-90.2810465,2018,1086
"New Construction Plan",NA,"Single Family Residential","Lot 5 Creekside Plan","Saint Louis","MO",63122,575000,4,2.5,"The Timbers Creekside",2390,NA,NA,NA,241,NA,"Active","","","http://www.redfin.com/MO/Kirkwood/The-Timbers-Creekside/Lot-5-Creekside-Plan/home/108851083","NewHomeSource.com","Plan-60790125","N","Y",38.574761,-90.397556,2018,1087
"MLS Listing",NA,"Single Family Residential","7361 Teasdale Ave","University City","MO",63130,575000,4,5,"University City",2674,11500,1935,185,215,NA,"Active","","","http://www.redfin.com/MO/University-City/7361-Teasdale-Ave-63130/home/93468926","MARIS","18052996","N","Y",38.6578369,-90.3282395,2018,1088
"MLS Listing",NA,"Single Family Residential","9338 Berry Ave","St Louis","MO",63144,585000,4,4,"Webster Groves",2600,7492,NA,6,225,NA,"Active","","","http://www.redfin.com/MO/St-Louis/9338-Berry-Ave-63144/home/93500639","MARIS","18095645","N","Y",38.6146328,-90.36045,2018,1089
"MLS Listing",NA,"Single Family Residential","6834 Waterman Ave","University City","MO",63130,589000,5,3,"University City",2743,7013,1916,69,215,29,"Active","","","http://www.redfin.com/MO/University-City/6834-Waterman-Ave-63130/home/63117533","MARIS","18083835","N","Y",38.6526739,-90.3113462,2018,1090
"MLS Listing",NA,"Multi-Family (5+ Unit)","5300 Maple Ave","St Louis","MO",63112,589000,NA,NA,"Central West",21696,15856,1908,84,27,NA,"Active","","","http://www.redfin.com/MO/St-Louis/5300-Maple-Ave-63112/home/62772174","MARIS","18079824","N","Y",38.659356,-90.272681,2018,1091
"MLS Listing",NA,"Single Family Residential","10128 Springwood Dr","St Louis","MO",63124,589900,3,2,"Ladue",2702,50094,1955,92,218,42,"Active","","","http://www.redfin.com/MO/St-Louis/10128-Springwood-Dr-63124/home/93480226","MARIS","18079883","N","Y",38.6381687,-90.4020453,2018,1092
"MLS Listing",NA,"Multi-Family (2-4 Unit)","7353 Delmar Blvd","University City","MO",63130,599000,10,8,"University City",NA,NA,1948,20,NA,NA,"Active","","","http://www.redfin.com/MO/University-City/7353-Delmar-Blvd-63130/unit-1W/home/93626268","MARIS","18086079","N","Y",38.6583852,-90.3273053,2018,1093
"MLS Listing",NA,"Single Family Residential","3642 Morganford","St Louis","MO",63116,599900,1,4,"South City",3868,12502,1890,94,155,NA,"Active","","","http://www.redfin.com/MO/St-Louis/3642-Morganford-Rd-63116/home/93747283","MARIS","18079424","N","Y",38.5918345,-90.2628478,2018,1094
"MLS Listing",NA,"Single Family Residential","412 S Elm","Webster Groves","MO",63119,599900,4,3,"Webster Groves",3094,16553,1912,78,194,NA,"Active","","","http://www.redfin.com/MO/Webster-Groves/412-S-Elm-Ave-63119/home/93524810","MARIS","18082494","N","Y",38.5837316,-90.3579378,2018,1095
"MLS Listing",NA,"Single Family Residential","4944 Washington","St Louis","MO",63108,599900,4,4,"Central West",3312,4443,1900,363,181,NA,"Active","","","http://www.redfin.com/MO/St-Louis/4944-Washington-63108/home/148121915","MARIS","18001106","N","Y",38.650094,-90.262383,2018,1096
"MLS Listing",NA,"Single Family Residential","1718 Missouri Ave","St Louis","MO",63104,600000,6,4,"Central East",3778,5637,1888,76,159,NA,"Active","","","http://www.redfin.com/MO/St-Louis/1718-Missouri-Ave-63104/home/93690361","MARIS","18083781","N","Y",38.6139577,-90.2190254,2018,1097
"MLS Listing",NA,"Single Family Residential","7159 Westmoreland Dr","University City","MO",63130,610000,4,3,"University City",2854,10106,1927,108,214,109,"Active","","","http://www.redfin.com/MO/University-City/7159-Westmoreland-Dr-63130/home/62707306","MARIS","18074589","N","Y",38.6516654,-90.320785,2018,1098
"MLS Listing",NA,"Single Family Residential","119 E Rose Ave","St Louis","MO",63119,619900,5,5,"Webster Groves",2578,12937,2017,63,240,NA,"Active","January-6-2019 1:00 PM","January-6-2019 3:00 PM","http://www.redfin.com/MO/Webster-Groves/119-E-Rose-Ave-63119/home/62689937","MARIS","18087077","N","Y",38.571136,-90.356668,2018,1099
"MLS Listing",NA,"Single Family Residential","740 Dickson St","St Louis","MO",63122,619900,4,3,"Kirkwood",2864,10542,1947,8,216,NA,"Active","January-6-2019 1:00 PM","January-6-2019 3:00 PM","http://www.redfin.com/MO/Kirkwood/740-Dickson-St-63122/home/63628130","MARIS","18095556","N","Y",38.5923067,-90.3936623,2018,1100
"MLS Listing",NA,"Single Family Residential","9837 Hudson Ave","St Louis","MO",63119,622410,4,4,"Webster Groves",2600,6708,NA,90,239,42,"Active","","","http://www.redfin.com/MO/St-Louis/9837-Hudson-Ave-63119/home/93499882","MARIS","18080709","N","Y",38.6090145,-90.3756459,2018,1101
"MLS Listing",NA,"Single Family Residential","337 N Gore Ave","St Louis","MO",63119,623900,4,3,"Webster Groves",2804,10454,NA,260,223,NA,"Active","January-6-2019 1:00 PM","January-6-2019 3:00 PM","http://www.redfin.com/MO/Webster-Groves/337-N-Gore-Ave-63119/home/93511155","MARIS","18029670","N","Y",38.598155,-90.3639955,2018,1102
"MLS Listing",NA,"Multi-Family (5+ Unit)","6008 Southwest Ave","St Louis","MO",63139,625000,NA,NA,"South City",NA,NA,NA,627,NA,NA,"Active","","","http://www.redfin.com/MO/St-Louis/6008-Southwest-Ave-63139/home/77289663","MARIS","17030419","N","Y",38.609945,-90.290203,2018,1103
"MLS Listing",NA,"Condo/Co-op","6340 Clayton Rd Unit 305/405","St Louis","MO",63117,625000,2,4,"Clayton",2582,741,2001,462,242,699,"Active","","","http://www.redfin.com/MO/Richmond-Heights/6340-Clayton-Rd-63117/unit-305-405/home/143935785","MARIS","17076421","N","Y",38.633382,-90.308133,2018,1104
"MLS Listing",NA,"Condo/Co-op","701 S Skinker Blvd #1001","St Louis","MO",63105,625000,2,3,"Central West",2500,NA,1928,47,250,1437,"Active","January-5-2019 1:00 PM","January-5-2019 3:00 PM","http://www.redfin.com/MO/St-Louis/701-S-Skinker-Blvd-63105/unit-1001/home/93773871","MARIS","18090590","N","Y",38.6368579,-90.3051,2018,1105
"MLS Listing",NA,"Single Family Residential","5083 Washington","St Louis","MO",63108,625000,5,4,"Central West",5766,7667,1906,135,108,NA,"Active","","","http://www.redfin.com/MO/St-Louis/5083-Washington-63108/home/147935382","MARIS","18067345","N","Y",38.651106,-90.266703,2018,1106
"MLS Listing",NA,"Single Family Residential","3 Elm Ave","St Louis","MO",63122,635000,5,3,"Kirkwood",2913,14985,1902,77,218,NA,"Active","","","http://www.redfin.com/MO/St-Louis/3-Elm-Ave-63122/home/93526262","MARIS","18072258","N","Y",38.5833626,-90.3839032,2018,1107
"MLS Listing",NA,"Single Family Residential","10232 Lylewood Dr","Ladue","MO",63124,639900,4,3,"Ladue",2495,15002,1969,34,256,25,"Active","","","http://www.redfin.com/MO/St-Louis/10232-Lylewood-Dr-63124/home/62762830","MARIS","18092320","N","Y",38.6411708,-90.4030388,2018,1108
"MLS Listing",NA,"Single Family Residential","4904 Pershing Pl","St Louis","MO",63108,649000,4,5,"Central West",3582,3920,1897,276,181,38,"Active","","","http://www.redfin.com/MO/St-Louis/4904-Pershing-Pl-63108/home/93724452","MARIS","18024595","N","Y",38.6460038,-90.2616288,2018,1109
"MLS Listing",NA,"Single Family Residential","71 Aberdeen Pl","Clayton","MO",63105,649900,3,4,"Clayton",2449,10890,1922,127,265,8,"Active","","","http://www.redfin.com/MO/Clayton/71-Aberdeen-Pl-63105/home/62767735","MARIS","18018109","N","Y",38.641487,-90.309864,2018,1110
"MLS Listing",NA,"Single Family Residential","620 N Forest Ave","Webster Groves","MO",63119,649900,4,3,"Webster Groves",3048,6839,2015,84,213,NA,"Active","January-6-2019 12:00 PM","January-6-2019 2:00 PM","http://www.redfin.com/MO/Webster-Groves/620-N-Forest-Ave-63119/home/62686506","MARIS","18076731","N","Y",38.6063142,-90.3427738,2018,1111
"MLS Listing",NA,"Single Family Residential","11 Warson Ter","Ladue","MO",63124,650000,4,3,"Ladue",3648,27443,1939,67,178,NA,"Active","","","http://www.redfin.com/MO/St-Louis/11-Warson-Terrace-Dr-63124/home/93480504","MARIS","18076493","N","Y",38.6409096,-90.3954939,2018,1112
"MLS Listing",NA,"Single Family Residential","4367 Westminster Pl","St Louis","MO",63108,650000,6,5,"Central West",4965,8655,1901,97,131,13,"Active","","","http://www.redfin.com/MO/St-Louis/4367-Westminster-Pl-63108/home/93740247","MARIS","18077081","N","Y",38.645556,-90.2509898,2018,1113
"MLS Listing",NA,"Condo/Co-op","4909 Laclede Ave #1206","St Louis","MO",63108,659000,2,3,"Central West",1854,NA,2002,244,355,979,"Active","","","http://www.redfin.com/MO/St-Louis/4909-Laclede-Ave-63108/unit-1206/home/103203150","MARIS","18034942","N","Y",38.640664,-90.262562,2018,1114
"MLS Listing",NA,"Single Family Residential","4384 Mcpherson Ave","St Louis","MO",63108,660000,3,3,"Central West",1850,10890,NA,99,357,NA,"Active","","","http://www.redfin.com/MO/St-Louis/4384-McPherson-Ave-63108/home/93725527","MARIS","18077226","N","Y",38.644265,-90.252571,2018,1115
"MLS Listing",NA,"Single Family Residential","3447 Longfellow Blvd","St Louis","MO",63104,662500,7,4,"Central East",4312,10411,1900,132,154,NA,"Active","","","http://www.redfin.com/MO/St-Louis/3447-Longfellow-Blvd-63104/home/93691000","MARIS","18067246","N","Y",38.6118318,-90.2373475,2018,1116
"MLS Listing",NA,"Single Family Residential","5083 Westminster","St Louis","MO",63108,675000,5,4,"Central West",3089,7492,1903,77,219,50,"Active","","","http://www.redfin.com/MO/St-Louis/5083-Westminster-Pl-63108/home/93633504","MARIS","18083079","N","Y",38.6499158,-90.2669375,2018,1117
"MLS Listing",NA,"Single Family Residential","7531 Kingsbury Blvd","St Louis","MO",63130,675000,5,4,"University City",3440,13721,1908,234,196,NA,"Active","","","http://www.redfin.com/MO/St-Louis/7531-Kingsbury-Blvd-63130/home/93471409","MARIS","18038087","N","Y",38.656493,-90.334444,2018,1118
"MLS Listing",NA,"Single Family Residential","1216 Des Peres Ave","St Louis","MO",63119,675000,4,5,"Webster Groves",3411,10237,1955,83,198,NA,"Active","","","http://www.redfin.com/MO/St-Louis/1216-Des-Peres-Ave-63119/home/93499897","MARIS","18081230","N","Y",38.6128959,-90.3786793,2018,1119
"MLS Listing",NA,"Single Family Residential","3534 Washington Ave","St Louis","MO",63103,679000,4,6,"Downtown",5020,4225,1886,639,135,NA,"Active","","","http://www.redfin.com/MO/St-Louis/3534-Washington-Ave-63103/home/113659722","MARIS","17027277","N","Y",38.638378,-90.2310254,2018,1120
"MLS Listing",NA,"Single Family Residential","31 Dunleith","St Louis","MO",63124,698500,4,4,"Ladue",2810,43560,1976,66,249,NA,"Active","","","http://www.redfin.com/MO/St-Louis/31-Dunleith-Dr-63124/home/93501122","MARIS","18084830","N","Y",38.6206513,-90.4034897,2018,1121
"MLS Listing",NA,"Single Family Residential","2 Adams","St Louis","MO",63122,699000,5,5,"Kirkwood",4647,10280,1937,161,150,NA,"Active","","","http://www.redfin.com/MO/Kirkwood/2-Adams-Ln-63122/home/75120563","MARIS","18061133","N","Y",38.583342,-90.3986259,2018,1122
"MLS Listing",NA,"Condo/Co-op","202 N Brentwood Blvd Unit 2B","St Louis","MO",63105,699900,3,3,"Clayton",2539,1655,1986,35,276,777,"Active","","","http://www.redfin.com/MO/Clayton/202-N-Brentwood-Blvd-63105/unit-2B/home/93470582","MARIS","18092063","N","Y",38.654713,-90.340242,2018,1123
"MLS Listing",NA,"Condo/Co-op","12440 Rott Rd Unit 3A","St Louis","MO",63127,699990,3,3,"Lindbergh",3345,8189,2005,149,209,778,"Active","","","http://www.redfin.com/MO/St-Louis/12440-Rott-Rd-63127/unit-3A/home/62765460","MARIS","18063457","N","Y",38.55135,-90.409642,2018,1124
"For-Sale-by-Owner Listing",NA,"Multi-Family (2-4 Unit)","1069 Tower Grove Ave","St. Louis","MO",63110,712000,12,6,"Saint Louis",5558,NA,1905,13,128,NA,"Active","","","http://www.redfin.com/MO/St-Louis/1069-Tower-Grove-Ave-63110/home/93751014","Fizber.com","4993431","N","Y",38.62755,-90.2568685,2018,1125
"MLS Listing",NA,"Single Family Residential","345 Par","St Louis","MO",63122,719900,5,4,"Kirkwood",2300,8625,NA,35,313,NA,"Active","","","http://www.redfin.com/MO/Kirkwood/345-Par-Ln-63122/home/93528786","MARIS","18092307","N","Y",38.592737,-90.399768,2018,1126
"MLS Listing",NA,"Single Family Residential","240 Baker Ave","Webster Groves","MO",63119,723900,5,5,"Webster Groves",3044,13499,NA,317,238,NA,"Active","January-6-2019 1:00 PM","January-6-2019 3:00 PM","http://www.redfin.com/MO/Webster-Groves/240-Baker-Ave-63119/home/93526450","MARIS","18010688","N","Y",38.5804292,-90.3650711,2018,1127
"MLS Listing",NA,"Single Family Residential","0 Chateau Du Bois","Lake St Louis","MO",63367,725000,5,5,"Wentzville-Timberland",3600,NA,NA,1437,201,17,"Active","","","http://www.redfin.com/MO/Lake-St-Louis/0-Chateau-Du-Bois-63367/home/62696758","MARIS","14061903","N","Y",38.653623,-90.394575,2018,1128
"MLS Listing",NA,"Single Family Residential","","Ladue","MO",63124,729000,3,2,"",2329,38507,1910,58,313,NA,"Active","January-6-2019 1:00 PM","January-6-2019 3:00 PM","http://www.redfin.com/MO/St-Louis/Undisclosed-address-63124/home/148030376","MARIS","18087435","N","Y",38.6418687,-90.3842527,2018,1129
"MLS Listing",NA,"Multi-Family (2-4 Unit)","6048 Washington","St Louis","MO",63112,729900,8,6,"Central West",4012,4269,1924,34,182,NA,"Active","","","http://www.redfin.com/MO/St-Louis/6048-Washington-63112/home/148375983","MARIS","18091764","N","Y",38.653902,-90.295903,2018,1130
"MLS Listing",NA,"Single Family Residential","515 S Clay Ave","Kirkwood","MO",63122,737000,4,5,"Kirkwood",3306,9975,2005,85,223,NA,"Active","","","http://www.redfin.com/MO/Kirkwood/515-S-Clay-Ave-63122/home/93544585","MARIS","18081636","N","Y",38.5736816,-90.4091863,2018,1131
"MLS Listing",NA,"Single Family Residential","4367 Mcpherson Ave","St Louis","MO",63108,739000,4,4,"Central West",4524,7318,1899,122,163,NA,"Active","","","http://www.redfin.com/MO/St-Louis/4367-McPherson-Ave-63108/home/62733049","MARIS","18071461","N","Y",38.6446446,-90.2516997,2018,1132
"MLS Listing",NA,"Condo/Co-op","23 Topton Way Unit 2A","St Louis","MO",63105,749000,2,3,"Clayton",2477,1873,1999,122,302,969,"Active","","","http://www.redfin.com/MO/Clayton/23-Topton-Way-63105/unit-2A/home/93626296","MARIS","18071284","N","Y",38.650472,-90.345062,2018,1133
"MLS Listing",NA,"Single Family Residential","11 Waverton","St Louis","MO",63124,749000,3,3,"Ladue",2593,8407,1921,51,289,NA,"Active","January-6-2019 12:00 PM","January-6-2019 2:00 PM","http://www.redfin.com/MO/St-Louis/11-Waverton-Dr-63124/home/93480500","MARIS","18086733","N","Y",38.6372066,-90.3895427,2018,1134
"MLS Listing",NA,"Single Family Residential","69 York Dr","St Louis","MO",63144,749000,4,5,"Brentwood",3836,17380,1935,203,195,29,"Active","","","http://www.redfin.com/MO/Brentwood/69-York-Dr-63144/home/93490342","MARIS","18048286","N","Y",38.626436,-90.36048,2018,1135
"MLS Listing",NA,"Single Family Residential","656 Lewiston Dr","Kirkwood","MO",63122,750000,4,3,"Kirkwood",2700,10219,2018,50,278,NA,"Active","","","http://www.redfin.com/MO/Kirkwood/656-Lewiston-Dr-63122/home/93513012","MARIS","18090230","N","Y",38.5984151,-90.3918325,2018,1136
"MLS Listing",NA,"Single Family Residential","502 Venneman Ave","Glendale","MO",63122,750000,4,3,"Kirkwood",2562,NA,NA,55,293,NA,"Active","","","http://www.redfin.com/MO/St-Louis/502-Venneman-Ave-63122/home/93529129","MARIS","18089374","N","Y",38.5902278,-90.3888777,2018,1137
"MLS Listing",NA,"Single Family Residential","107 Morningside Dr","Kirkwood","MO",63122,750000,4,3,"Kirkwood",3601,6970,2007,49,208,NA,"Active","","","http://www.redfin.com/MO/Kirkwood/107-Morningside-Dr-63122/home/93327117","MARIS","18090362","N","Y",38.595233,-90.4058699,2018,1138
"MLS Listing",NA,"Single Family Residential","811 S Warson Rd","Ladue","MO",63124,755000,5,4,"Ladue",3410,36155,1920,89,221,NA,"Active","","","http://www.redfin.com/MO/St-Louis/811-Warson-Rd-63124/home/93480765","MARIS","18076782","N","Y",38.6448978,-90.3957754,2018,1139
"MLS Listing",NA,"Condo/Co-op","4909 Laclede Ave #1403","St Louis","MO",63108,759000,2,3,"Central West",1979,NA,2007,138,384,1044,"Active","","","http://www.redfin.com/MO/St-Louis/4909-Laclede-Ave-63108/unit-1403/home/62745716","MARIS","18066835","N","Y",38.640664,-90.262562,2018,1140
"MLS Listing",NA,"Single Family Residential","7204 Westmoreland Dr","University City","MO",63130,759000,4,4,"University City",3300,13155,1922,287,230,9,"Active","","","http://www.redfin.com/MO/University-City/7204-Westmoreland-Dr-63130/home/81822004","MARIS","18021559","N","Y",38.6509694,-90.3206381,2018,1141
"MLS Listing",NA,"Single Family Residential","24 Thorndell Dr","St Louis","MO",63117,765000,4,4,"Ladue",2790,15987,1938,73,274,33,"Active","","","http://www.redfin.com/MO/Richmond-Heights/24-Thorndell-Dr-63117/home/93478790","MARIS","18083870","N","Y",38.6352825,-90.3550886,2018,1142
"MLS Listing",NA,"Single Family Residential","426 Bogey Ln","Kirkwood","MO",63122,775000,5,5,"Kirkwood",2640,8059,2016,1,294,NA,"Active","January-6-2019 1:00 PM","January-6-2019 3:00 PM","http://www.redfin.com/MO/Kirkwood/426-Bogey-Ln-63122/home/88017201","MARIS","18095139","N","Y",38.590716,-90.3982879,2018,1143
"MLS Listing",NA,"Condo/Co-op","7905 Kingsbury Blvd","Clayton","MO",63105,775000,3,3,"Clayton",2772,4683,1999,69,280,500,"Active","","","http://www.redfin.com/MO/St-Louis/7905-Kingsbury-Blvd-63105/unit-1B/home/93626558","MARIS","18086059","N","Y",38.6556667,-90.3380162,2018,1144
"MLS Listing",NA,"Single Family Residential","70 Waterman Pl","St Louis","MO",63112,788000,6,5,"Central West",5226,11238,1906,262,151,33,"Active","","","http://www.redfin.com/MO/St-Louis/70-Waterman-Pl-63112/home/93724350","MARIS","18029132","N","Y",38.6487581,-90.2765955,2018,1145
"MLS Listing",NA,"Single Family Residential","2423 Annalee Ave","Brentwood","MO",63144,795000,4,4,"Brentwood",3250,14375,NA,76,245,NA,"Active","","","http://www.redfin.com/MO/Brentwood/2423-Annalee-Ave-63144/home/62691729","MARIS","18083743","N","Y",38.6170217,-90.351276,2018,1146
"MLS Listing",NA,"Single Family Residential","3500 Russell","St Louis","MO",63104,795000,7,7,"Central East",7000,22172,1913,101,114,NA,"Active","","","http://www.redfin.com/MO/St-Louis/3500-Russell-Blvd-63104/home/62734477","MARIS","18076517","N","Y",38.6128812,-90.2380382,2018,1147
"MLS Listing",NA,"Single Family Residential","774 Fuhrmann Ter Unit TBB","St Louis","MO",63122,799900,4,4,"Kirkwood",2968,9200,NA,58,270,NA,"Active","","","http://www.redfin.com/MO/St-Louis/774-Fuhrmann-Ter-63122/unit-TBB/home/148030409","MARIS","18088536","N","Y",38.5900185,-90.3897566,2018,1148
"MLS Listing",NA,"Single Family Residential","4330 W Pine","St Louis","MO",63108,800000,5,3,"Central West",3176,15194,1895,170,252,NA,"Active","","","http://www.redfin.com/MO/St-Louis/4330-W-Pine-Blvd-63108/home/93725149","MARIS","18057328","N","Y",38.6394608,-90.2523413,2018,1149
"MLS Listing",NA,"Single Family Residential","10331 Lylewood Dr","Frontenac","MO",63131,825000,4,4,"Ladue",3406,7405,NA,63,242,NA,"Active","","","http://www.redfin.com/MO/Frontenac/10331-Lylewood-Dr-63131/home/147962725","MARIS","18084279","N","Y",38.6405852,-90.4069655,2018,1150
"MLS Listing",NA,"Single Family Residential","4516 Maryland Ave","St Louis","MO",63108,847000,5,4,"Central West",4547,8843,1901,248,186,NA,"Active","","","http://www.redfin.com/MO/St-Louis/4516-Maryland-Ave-63108/home/93724582","MARIS","18032698","N","Y",38.6438076,-90.2582381,2018,1151
"MLS Listing",NA,"Single Family Residential","1 Conway Woods Ln","Ladue","MO",63124,849000,4,5,"Ladue",4169,30928,1991,465,204,NA,"Active","","","http://www.redfin.com/MO/St-Louis/1-Conway-Ln-63124/home/62725172","MARIS","17073951","N","Y",38.6431721,-90.4009739,2018,1152
"MLS Listing",NA,"Single Family Residential","906 N Woodlawn Rd","Kirkwood","MO",63122,849000,5,5,"Kirkwood",2730,NA,NA,93,311,NA,"Active","","","http://www.redfin.com/MO/Kirkwood/906-N-Woodlawn-Ave-63122/home/93512417","MARIS","18073274","N","Y",38.596541,-90.396542,2018,1153
"MLS Listing",NA,"Single Family Residential","715 Glenridge Ave","Clayton","MO",63105,849900,4,2,"Clayton",3438,9148,1940,121,247,NA,"Active","","","http://www.redfin.com/MO/Clayton/715-Glenridge-Dr-63105/home/93477653","MARIS","18071388","N","Y",38.640847,-90.329963,2018,1154
"MLS Listing",NA,"Single Family Residential","4397 Westminster Pl","St Louis","MO",63108,850000,5,4,"Central West",6264,11543,1904,319,136,NA,"Active","January-6-2019 1:00 PM","January-6-2019 3:00 PM","http://www.redfin.com/MO/St-Louis/4397-Westminster-Pl-63108/home/93740311","MARIS","18009923","N","Y",38.6461385,-90.2523047,2018,1155
"MLS Listing",NA,"Single Family Residential","6 Lenox Pl","St Louis","MO",63108,872500,5,5,"Central West",4659,7349,1904,105,187,45,"Active","","","http://www.redfin.com/MO/St-Louis/6-Lenox-Pl-63108/home/93754337","MARIS","18075606","N","Y",38.6464508,-90.259382,2018,1156
"MLS Listing",NA,"Single Family Residential","2332 Park Ave","St Louis","MO",63104,875000,6,3,"Central East",3379,7623,1880,267,259,NA,"Active","","","http://www.redfin.com/MO/St-Louis/2332-Park-Ave-63104/home/93672035","MARIS","18024541","N","Y",38.6178151,-90.2192895,2018,1157
"MLS Listing",NA,"Multi-Family (5+ Unit)","5803 Cabanne Ave","St Louis","MO",63112,875000,NA,NA,"Central West",26664,32304,1924,21,33,NA,"Active","","","http://www.redfin.com/MO/St-Louis/5803-Cabanne-Ave-63112/home/93723949","MARIS","18094594","N","Y",38.6592879,-90.286346,2018,1158
"MLS Listing",NA,"Single Family Residential","124 N Taylor Ave","Kirkwood","MO",63122,875000,4,4,"Kirkwood",3428,13983,1867,30,255,NA,"Active","","","http://www.redfin.com/MO/Kirkwood/124-N-Taylor-Ave-63122/home/77106892","MARIS","18092967","N","Y",38.581977,-90.403638,2018,1159
"MLS Listing",NA,"Single Family Residential","3 Garden Ln","Kirkwood","MO",63122,879000,5,5,"Kirkwood",3486,11326,2006,113,252,NA,"Active","","","http://www.redfin.com/MO/Kirkwood/3-Garden-Ln-63122/home/93324977","MARIS","18072065","N","Y",38.59637,-90.406873,2018,1160
"MLS Listing",NA,"Single Family Residential","420 Woodview Manor Ln","Kirkwood","MO",63122,879000,5,5,"Kirkwood",3261,15507,1986,1,270,2,"Active","January-6-2019 1:00 PM","January-6-2019 3:00 PM","http://www.redfin.com/MO/Kirkwood/420-Woodview-Manor-Ln-63122/home/93512549","MARIS","18096441","N","Y",38.5947509,-90.3981282,2018,1161
"MLS Listing",NA,"Single Family Residential","515 W Kirkham Ave","St Louis","MO",63119,887500,5,5,"Webster Groves",3327,13765,NA,44,267,NA,"Active","","","http://www.redfin.com/MO/Webster-Groves/515-W-Kirkham-Ave-63119/home/93510800","MARIS","18090643","N","Y",38.595218,-90.3691531,2018,1162
"MLS Listing",NA,"Single Family Residential","9556 Park","St Louis","MO",63124,890000,5,4,"Ladue",3045,14941,NA,43,292,NA,"Active","","","http://www.redfin.com/MO/St-Louis/9556-Park-Ln-63124/home/93500771","MARIS","18091338","N","Y",38.6186421,-90.3663122,2018,1163
"MLS Listing",NA,"Single Family Residential","541 N Clay Ave","St Louis","MO",63122,890000,5,4,"Kirkwood",3546,17685,1883,96,251,NA,"Active","","","http://www.redfin.com/MO/Kirkwood/541-N-Clay-Ave-63122/home/93528295","MARIS","18079075","N","Y",38.5882738,-90.4088617,2018,1164
"MLS Listing",NA,"Single Family Residential","11 Dwyer Pl","Ladue","MO",63124,899000,4,5,"Ladue",3598,9017,2007,349,250,NA,"Active","","","http://www.redfin.com/MO/St-Louis/11-Dwyer-Pl-63124/home/93480607","MARIS","18003845","N","Y",38.6384381,-90.3922828,2018,1165
"MLS Listing",NA,"Single Family Residential","7201 Greenway Ave","University City","MO",63130,899000,4,4,"University City",NA,19689,1926,294,NA,NA,"Active","","","http://www.redfin.com/MO/University-City/7201-Greenway-Ave-63130/home/93469063","MARIS","18015921","N","Y",38.6561675,-90.3220706,2018,1166
"MLS Listing",NA,"Single Family Residential","1525 Missouri Ave","St Louis","MO",63104,899900,7,6,"Central East",6675,7754,1893,224,135,NA,"Active","","","http://www.redfin.com/MO/St-Louis/1525-Missouri-Ave-63104/home/93700525","MARIS","18040840","N","Y",38.6159899,-90.218759,2018,1167
"MLS Listing",NA,"Single Family Residential","7540 Washington Ave","University City","MO",63130,899900,4,4,"University City",3500,6900,NA,62,257,NA,"Active","","","http://www.redfin.com/MO/University-City/7540-Washington-Ave-63130/home/93471421","MARIS","18087922","N","Y",38.6569915,-90.3349658,2018,1168
"MLS Listing",NA,"Single Family Residential","282 Edwin Ave","Glendale","MO",63122,925000,4,5,"Kirkwood",4135,7405,2006,50,224,NA,"Active","","","http://www.redfin.com/MO/St-Louis/282-Edwin-Ave-63122/home/93527103","MARIS","18090128","N","Y",38.5888136,-90.3846022,2018,1169
"MLS Listing",NA,"Multi-Family (5+ Unit)","3805 Lindell Blvd","St Louis","MO",63108,925000,NA,NA,"Central West",8172,7754,1897,108,113,NA,"Active","","","http://www.redfin.com/MO/St-Louis/3805-Lindell-Blvd-63108/home/93726206","MARIS","18073392","N","Y",38.6389363,-90.2386487,2018,1170
"MLS Listing",NA,"Single Family Residential","96 Arundel Pl","Clayton","MO",63105,925000,5,4,"Clayton",3365,7850,1913,118,275,15,"Active","","","http://www.redfin.com/MO/Clayton/96-Arundel-Pl-63105/home/93477991","MARIS","18069839","N","Y",38.640056,-90.312685,2018,1171
"MLS Listing",NA,"Single Family Residential","7241 Forsyth Blvd","St Louis","MO",63105,945000,5,5,"University City",2975,8233,2004,38,318,NA,"Active","","","http://www.redfin.com/MO/St-Louis/7241-Forsyth-Blvd-63105/home/93478578","MARIS","18091190","N","Y",38.6483823,-90.3229889,2018,1172
"MLS Listing",NA,"Single Family Residential","9 The Prado","St Louis","MO",63124,949800,4,4,"Ladue",3292,18513,1929,185,289,30,"Active","January-6-2019 1:00 PM","January-6-2019 3:00 PM","http://www.redfin.com/MO/St-Louis/9-The-Prado-63124/home/93471594","MARIS","18052014","N","Y",38.6549294,-90.3671304,2018,1173
"MLS Listing",NA,"Single Family Residential","7201 Westmoreland Dr","St Louis","MO",63130,959000,4,4,"University City",3012,9104,1920,47,318,13,"Active","","","http://www.redfin.com/MO/University-City/7201-Westmoreland-Dr-63130/home/93468495","MARIS","18090552","N","Y",38.65172,-90.321625,2018,1174
"MLS Listing",NA,"Single Family Residential","25 Crestwood Dr","Clayton","MO",63105,965000,4,4,"Clayton",3100,10411,1927,205,311,4,"Active","","","http://www.redfin.com/MO/Clayton/25-Crestwood-Dr-63105/home/93477793","MARIS","18047782","N","Y",38.640279,-90.325243,2018,1175
"MLS Listing",NA,"Single Family Residential","5 Ridgewood Rd","Ladue","MO",63124,975000,5,4,"Ladue",3492,43560,1934,93,279,NA,"Active","","","http://www.redfin.com/MO/St-Louis/5-Ridgewood-Rd-63124/home/93480092","MARIS","18079081","N","Y",38.6483746,-90.3608241,2018,1176
"MLS Listing",NA,"Single Family Residential","40 Washington Ter","St Louis","MO",63112,997000,5,6,"Central West",6084,18513,1902,171,164,NA,"Active","","","http://www.redfin.com/MO/St-Louis/40-Washington-Ter-63112/home/62699911","MARIS","18053129","N","Y",38.6519675,-90.2806043,2018,1177
"MLS Listing",NA,"Condo/Co-op","150 Carondelet #702","St Louis","MO",63105,997000,2,3,"Clayton",2421,261,2002,304,412,1535,"Active","","","http://www.redfin.com/MO/St-Louis/150-Carondelet-Plz-63105/unit-702/home/62701886","MARIS","18015749","N","Y",38.6478858,-90.3322292,2018,1178
"MLS Listing",NA,"Single Family Residential","701 Woods Of Ladue Ln","Ladue","MO",63124,1049000,5,4,"Ladue",3512,15594,2016,196,299,475,"Active","","","http://www.redfin.com/MO/St-Louis/701-Woods-of-Ladue-Ln-63124/home/109673117","MARIS","18044800","N","Y",38.6455985,-90.4047025,2018,1179
"MLS Listing",NA,"Single Family Residential","57 Lake Forest Dr","Richmond Heights","MO",63117,1080000,4,4,"Clayton",4249,14985,1934,59,254,116,"Active","","","http://www.redfin.com/MO/Richmond-Heights/57-Lake-Forest-Dr-63117/home/93489922","MARIS","18088153","N","Y",38.634427,-90.336245,2018,1180
"MLS Listing",NA,"Vacant Land","45 Trent Dr","Ladue","MO",63124,1095000,NA,NA,"Ladue",NA,79279,NA,115,NA,NA,"Active","","","http://www.redfin.com/MO/St-Louis/45-Trent-Dr-63124/home/62778333","MARIS","18072714","N","Y",38.619952,-90.389037,2018,1181
"MLS Listing",NA,"Single Family Residential","54 Westmoreland Pl","St Louis","MO",63108,1095000,5,4,"Central West",6271,16553,1915,288,175,281,"Active","","","http://www.redfin.com/MO/St-Louis/54-Westmoreland-Pl-63108/home/93745418","MARIS","18020001","N","Y",38.6459885,-90.2742747,2018,1182
"MLS Listing",NA,"Multi-Family (5+ Unit)","8154 Whitburn","St Louis","MO",63105,1100000,NA,NA,"Clayton",10989,17860,1947,28,100,NA,"Active","","","http://www.redfin.com/MO/Clayton/8154-Whitburn-Dr-63105/home/93478946","MARIS","18093609","N","Y",38.639079,-90.3479289,2018,1183
"MLS Listing",NA,"Single Family Residential","18 Oakleigh Ln","Ladue","MO",63124,1125000,5,6,"Ladue",4249,45956,1937,80,265,29,"Active","January-6-2019 1:00 PM","January-6-2019 3:00 PM","http://www.redfin.com/MO/St-Louis/18-Oakleigh-Ln-63124/home/93471830","MARIS","18076419","N","Y",38.660634,-90.381685,2018,1184
"MLS Listing",NA,"Single Family Residential","12 Kingsbury","St Louis","MO",63112,1149600,7,7,"Central West",6414,20560,1912,132,179,NA,"Active","","","http://www.redfin.com/MO/St-Louis/12-Kingsbury-Pl-63112/home/62726462","MARIS","18065868","N","Y",38.6500794,-90.2759069,2018,1185
"MLS Listing",NA,"Vacant Land","2 Barclay Woods","Ladue","MO",63124,1149990,NA,NA,"Ladue",NA,135036,NA,55,NA,71,"Active","","","http://www.redfin.com/MO/St-Louis/2-Barclay-Woods-Dr-63124/home/93490649","MARIS","18089239","N","Y",38.6270659,-90.3868989,2018,1186
"MLS Listing",NA,"Single Family Residential","12 Lynne Ct","Olivette","MO",63132,1195000,5,5,"Ladue",3808,21780,NA,140,314,NA,"Active","","","http://www.redfin.com/MO/Olivette/12-Lynne-Ct-63132/home/146729473","MARIS","18066282","N","Y",38.667282,-90.3835821,2018,1187
"MLS Listing",NA,"Single Family Residential","248 Gay Ave","Clayton","MO",63105,1195000,4,6,"Clayton",3963,7405,1999,156,302,NA,"Active","","","http://www.redfin.com/MO/Clayton/248-Gay-Ave-63105/home/93470689","MARIS","18057040","N","Y",38.656442,-90.347815,2018,1188
"MLS Listing",NA,"Single Family Residential","8 Cherri Ln","Creve Coeur","MO",63132,1200000,5,5,"Ladue",3657,20038,NA,103,328,NA,"Active","","","http://www.redfin.com/MO/St-Louis/8-Cherri-Ln-63132/home/93463057","MARIS","18075715","N","Y",38.6654019,-90.3946296,2018,1189
"MLS Listing",NA,"Single Family Residential","51 Fair Oaks","St Louis","MO",63124,1239000,4,4,"Ladue",4211,29185,1938,51,294,NA,"Active","January-6-2019 1:00 PM","January-6-2019 3:00 PM","http://www.redfin.com/MO/St-Louis/51-Fair-Oaks-Dr-63124/home/93490592","MARIS","18089781","N","Y",38.634495,-90.3647033,2018,1190
"MLS Listing",NA,"Vacant Land","10166 Winding Ridge Rd","Ladue","MO",63124,1250000,NA,NA,"Ladue",NA,78408,NA,98,NA,NA,"Active","","","http://www.redfin.com/MO/St-Louis/10166-Winding-Ridge-Rd-63124/home/93490606","MARIS","18076490","N","Y",38.6278958,-90.4030388,2018,1191
"MLS Listing",NA,"Single Family Residential","1145 Hillside Dr","St Louis","MO",63117,1295000,5,4,"Maplewood-Rchmnd Hts",6230,72745,1939,93,208,12,"Active","","","http://www.redfin.com/MO/Richmond-Heights/1145-Hillside-Dr-63117/home/93477174","MARIS","18079388","N","Y",38.6347372,-90.3286653,2018,1192
"MLS Listing",NA,"Vacant Land","0 North Taylor","Kirkwood","MO",63122,1300000,NA,NA,"Kirkwood",NA,68999,NA,146,NA,NA,"Active","","","http://www.redfin.com/MO/Kirkwood/N-Taylor-Ave-63122/home/108366357","MARIS","18061710","N","Y",38.592903,-90.403047,2018,1193
"MLS Listing",NA,"Single Family Residential","53 Kingsbury Pl","St Louis","MO",63112,1300000,5,5,"Central West",6716,11108,1917,118,194,NA,"Active","","","http://www.redfin.com/MO/St-Louis/53-Kingsbury-Pl-63112/home/93763728","MARIS","18072619","N","Y",38.6513143,-90.2811302,2018,1194
"MLS Listing",NA,"Single Family Residential","1022 Hampton Park Dr","Richmond Heights","MO",63117,1300000,5,6,"Maplewood-Rchmnd Hts",4690,43560,1927,55,277,7,"Active","","","http://www.redfin.com/MO/Richmond-Heights/1022-Hampton-Park-Dr-63117/home/93477110","MARIS","18089096","N","Y",38.6369126,-90.3335522,2018,1195
"MLS Listing",NA,"Single Family Residential","11 Fielding Rd","Ladue","MO",63124,1395000,4,6,"Ladue",4692,41730,1998,195,297,17,"Active","","","http://www.redfin.com/MO/St-Louis/11-Fielding-Rd-63124/home/90753021","MARIS","18050622","N","Y",38.6595014,-90.3909124,2018,1196
"MLS Listing",NA,"Vacant Land","61 Overhills","St Louis","MO",63124,1399000,NA,NA,"Ladue",NA,150848,NA,338,NA,NA,"Active","","","http://www.redfin.com/MO/St-Louis/61-Overhills-Dr-63124/home/93490406","MARIS","17093416","N","Y",38.6336354,-90.3728188,2018,1197
"MLS Listing",NA,"Single Family Residential","10 Edwin Ave","St Louis","MO",63122,1399000,4,4,"Kirkwood",4000,23871,NA,154,350,NA,"Active","","","http://www.redfin.com/MO/St-Louis/10-Edwin-Ave-63122/home/93525906","MARIS","18060317","N","Y",38.5837802,-90.3847402,2018,1198
"MLS Listing",NA,"Single Family Residential","12 Washington Ter","St Louis","MO",63112,1399900,7,7,"Central West",7935,22651,1911,73,176,167,"Active","","","http://www.redfin.com/MO/St-Louis/12-Washington-Ter-63112/home/93766176","MARIS","18084251","N","Y",38.6514753,-90.2757808,2018,1199
"MLS Listing",NA,"Condo/Co-op","150 Carondelet Plz #1004","Clayton","MO",63105,1425000,2,3,"Clayton",2389,240,2006,182,596,1572,"Active","","","http://www.redfin.com/MO/St-Louis/150-Carondelet-Plz-63105/unit-1004/home/93325933","MARIS","18054226","N","Y",38.6478858,-90.3322292,2018,1200
"MLS Listing",NA,"Single Family Residential","5105 Lindell Blvd","St Louis","MO",63108,1449000,5,5,"Central West",7538,20473,1897,344,192,NA,"Active","","","http://www.redfin.com/MO/St-Louis/5105-Lindell-Blvd-63108/home/62685509","MARIS","18004653","N","Y",38.6446908,-90.2678361,2018,1201
"MLS Listing",NA,"Single Family Residential","29 Heather Hill Ln","St Louis","MO",63132,1450000,4,4,"Ladue",4300,19602,NA,92,337,13,"Active","January-6-2019 1:00 PM","January-6-2019 3:00 PM","http://www.redfin.com/MO/Olivette/29-Heather-Hill-Ln-63132/home/93463177","MARIS","18079933","N","Y",38.662625,-90.3899849,2018,1202
"MLS Listing",NA,"Single Family Residential","44 Portland Pl","St Louis","MO",63108,1450000,7,5,"Central West",6738,18295,1907,34,215,500,"Active","","","http://www.redfin.com/MO/St-Louis/44-Portland-Pl-63108/home/93745471","MARIS","18092084","N","Y",38.6472505,-90.2722643,2018,1203
"MLS Listing",NA,"Single Family Residential","10 Overbrook Dr","St Louis","MO",63124,1490000,6,8,"Ladue",5813,219978,1997,192,256,63,"Active","","","http://www.redfin.com/MO/St-Louis/10-Overbrook-Dr-63124/home/62698717","MARIS","18050909","N","Y",38.6177663,-90.3743573,2018,1204
"MLS Listing",NA,"Single Family Residential","544 E Jefferson Ave","Kirkwood","MO",63122,1495000,5,6,"Kirkwood",4546,7710,2007,174,329,NA,"Active","","","http://www.redfin.com/MO/Kirkwood/544-E-Jefferson-Ave-63122/home/93527801","MARIS","18055494","N","Y",38.581769,-90.395247,2018,1205
"MLS Listing",NA,"Multi-Family (5+ Unit)","5832 Cabanne Ave","St Louis","MO",63112,1495000,NA,NA,"Central West",28772,21501,1928,16,52,NA,"Active","","","http://www.redfin.com/MO/St-Louis/5832-Cabanne-Ave-63112/home/93723909","MARIS","18087986","N","Y",38.6586103,-90.2874629,2018,1206
"MLS Listing",NA,"Condo/Co-op","150 Carondelet Plz #803","Clayton","MO",63105,1499900,2,3,"Clayton",2647,NA,2002,91,567,1601,"Active","","","http://www.redfin.com/MO/St-Louis/150-Carondelet-Plz-63105/unit-803/home/93323399","MARIS","18078879","N","Y",38.6478858,-90.3322292,2018,1207
"MLS Listing",NA,"Single Family Residential","935 Barnes Rd","Ladue","MO",63124,1500000,4,6,"Ladue",5750,83200,1972,150,261,NA,"Active","","","http://www.redfin.com/MO/St-Louis/935-Barnes-Rd-63124/home/93480008","MARIS","18062774","N","Y",38.6408502,-90.3825236,2018,1208
"MLS Listing",NA,"Single Family Residential","8921 Moydalgan","Ladue","MO",63124,1525000,6,7,"Ladue",5853,34412,1965,147,261,83,"Active","","","http://www.redfin.com/MO/St-Louis/8921-Moydalgan-Rd-63124/home/76423329","MARIS","18060087","N","Y",38.6469134,-90.3564121,2018,1209
"MLS Listing",NA,"Single Family Residential","8034 Crescent Dr","Clayton","MO",63105,1549000,5,5,"Clayton",3350,7405,2019,52,462,NA,"Active","January-6-2019 1:00 PM","January-6-2019 3:00 PM","http://www.redfin.com/MO/Clayton/8034-Crescent-Dr-63105/home/93478871","MARIS","18089645","N","Y",38.6393131,-90.3429538,2018,1210
"MLS Listing",NA,"Condo/Co-op","150 Carondelet Plaza Pl #904","Clayton","MO",63105,1595000,2,3,"Clayton",2647,NA,2005,85,603,1572,"Active","","","http://www.redfin.com/MO/St-Louis/150-Carondelet-Plz-63105/unit-904/home/62762923","MARIS","18081647","N","Y",38.6478858,-90.3322292,2018,1211
"MLS Listing",NA,"Single Family Residential","22 Clermont Ln","St Louis","MO",63124,1595000,5,6,"Ladue",5031,96703,1929,37,317,42,"Active","","","http://www.redfin.com/MO/St-Louis/22-Clermont-Ln-63124/home/93472296","MARIS","18078956","N","Y",38.6522894,-90.3997717,2018,1212
"MLS Listing",NA,"Single Family Residential","2 Tall Timbers","St Louis","MO",63124,1699000,4,6,"Ladue",7176,151153,2006,302,237,42,"Active","January-6-2019 1:00 PM","January-6-2019 3:00 PM","http://www.redfin.com/MO/St-Louis/2-Tall-Timbers-63124/home/93490363","MARIS","18016121","N","Y",38.6305192,-90.3848081,2018,1213
"MLS Listing",NA,"Single Family Residential","7619 Maryland Ave","Clayton","MO",63105,1749000,3,4,"Clayton",3720,8015,1993,178,470,NA,"Active","","","http://www.redfin.com/MO/Clayton/7619-Maryland-Ave-63105/home/93467833","MARIS","18055017","N","Y",38.6514885,-90.3328163,2018,1214
"MLS Listing",NA,"Single Family Residential","9828 Old Warson","Ladue","MO",63124,1750000,6,7,"Ladue",7634,78844,1963,129,229,24,"Active","","","http://www.redfin.com/MO/St-Louis/9828-Old-Warson-Rd-63124/home/62736287","MARIS","18065808","N","Y",38.6148695,-90.3830386,2018,1215
"MLS Listing",NA,"Multi-Family (5+ Unit)","3717 Westminster Pl","St Louis","MO",63108,1750000,NA,NA,"Central West",NA,NA,1890,135,NA,NA,"Active","","","http://www.redfin.com/MO/St-Louis/3717-Westminster-Pl-63108/home/93726169","MARIS","18067468","N","Y",38.6391249,-90.2364654,2018,1216
"MLS Listing",NA,"Single Family Residential","2102 S Warson Rd","Ladue","MO",63124,1800000,8,8,"Ladue",7937,135907,1948,136,227,NA,"Active","","","http://www.redfin.com/MO/St-Louis/2102-Warson-Rd-63124/home/93490630","MARIS","18062382","N","Y",38.628295,-90.394386,2018,1217
"MLS Listing",NA,"Single Family Residential","12 Glenview Rd","Ladue","MO",63124,1849000,4,7,"Ladue",6037,60984,1957,531,306,NA,"Active","January-6-2019 1:00 PM","January-6-2019 3:00 PM","http://www.redfin.com/MO/St-Louis/12-Glenview-Dr-63124/home/62728479","MARIS","17058172","N","Y",38.6570378,-90.3927378,2018,1218
"MLS Listing",NA,"Single Family Residential","32 Fair Oaks Dr","Ladue","MO",63124,1949000,5,7,"Ladue",5573,44213,1999,43,350,NA,"Active","","","http://www.redfin.com/MO/St-Louis/32-Fair-Oaks-Dr-63124/home/93490521","MARIS","18088082","N","Y",38.6323892,-90.3633244,2018,1219
"MLS Listing",NA,"Single Family Residential","8 Robindale Dr","Ladue","MO",63124,1995000,4,5,"Ladue",5300,32234,NA,195,376,NA,"Active","","","http://www.redfin.com/MO/St-Louis/8-Robindale-Dr-63124/home/93472199","MARIS","18050560","N","Y",38.65913,-90.3728677,2018,1220
"MLS Listing",NA,"Single Family Residential","8956 Moydalgan Rd","Ladue","MO",63124,2150000,4,7,"Ladue",7029,113256,1847,388,306,167,"Active","","","http://www.redfin.com/MO/St-Louis/8956-Moydalgan-Rd-63124/home/93479611","MARIS","17094709","N","Y",38.6463403,-90.356265,2018,1221
"MLS Listing",NA,"Single Family Residential","4 Mayfair Rd","Ladue","MO",63124,2200000,5,6,"Ladue",6788,78408,1963,119,324,NA,"Active","","","http://www.redfin.com/MO/St-Louis/4-Mayfair-Rd-63124/home/93481237","MARIS","18071816","N","Y",38.6427163,-90.3881159,2018,1222
"MLS Listing",NA,"Single Family Residential","2120 S Warson Rd","St Louis","MO",63124,2249000,5,9,"Ladue",6059,143748,1949,71,371,NA,"Active","","","http://www.redfin.com/MO/St-Louis/2120-Warson-Rd-63124/home/62691437","MARIS","18084525","N","Y",38.62679,-90.395274,2018,1223
"MLS Listing",NA,"Vacant Land","559 Barnes Rd","Ladue","MO",63124,2250000,NA,NA,"Ladue",NA,132422,NA,960,NA,NA,"Active","","","http://www.redfin.com/MO/St-Louis/559-Barnes-Rd-63124/home/105544327","MARIS","16034619","N","Y",38.6489115,-90.384263,2018,1224
"MLS Listing",NA,"Single Family Residential","10 Carrswold Dr","Clayton","MO",63105,2250000,7,8,"Clayton",7947,44867,1928,218,283,NA,"Active","","","http://www.redfin.com/MO/Clayton/10-Carrswold-Dr-63105/home/93478469","MARIS","18040916","N","Y",38.646932,-90.329326,2018,1225
"MLS Listing",NA,"Multi-Family (5+ Unit)","7723 Wild Plum Ave","St Louis","MO",63130,2375000,NA,NA,"University City",29952,69696,1957,93,79,NA,"Active","","","http://www.redfin.com/MO/St-Louis/7723-Wild-Plum-Ave-63130/home/93460453","MARIS","18079053","N","Y",38.6669742,-90.3376247,2018,1226
"MLS Listing",NA,"Single Family Residential","10 Larkdale Dr","Ladue","MO",63124,2495000,4,5,"Ladue",6439,32670,NA,724,387,NA,"Active","January-6-2019 1:00 PM","January-6-2019 3:00 PM","http://www.redfin.com/MO/St-Louis/10-Larkdale-Dr-63124/home/93472232","MARIS","16081085","N","Y",38.6601144,-90.3724263,2018,1227
"MLS Listing",NA,"Single Family Residential","5 Edgewood Rd","Ladue","MO",63124,2750000,5,8,"Ladue",6458,117046,1923,90,426,NA,"Active","","","http://www.redfin.com/MO/St-Louis/5-Edgewood-Rd-63124/home/93471566","MARIS","18071489","N","Y",38.6504936,-90.3644276,2018,1228
"MLS Listing",NA,"Single Family Residential","3 Edgewood","St Louis","MO",63124,2750000,5,6,"Ladue",6973,88862,1930,192,394,100,"Active","","","http://www.redfin.com/MO/St-Louis/3-Edgewood-Rd-63124/home/62691683","MARIS","18049374","N","Y",38.6506514,-90.3653554,2018,1229
"MLS Listing",NA,"Single Family Residential","2 Maryhill","Ladue","MO",63124,2850000,4,6,"Ladue",5011,50007,2008,38,569,NA,"Active","","","http://www.redfin.com/MO/St-Louis/2-Maryhill-Ln-63124/home/93472427","MARIS","18089897","N","Y",38.6554558,-90.4003335,2018,1230
"MLS Listing",NA,"Single Family Residential","635 W Polo Dr","St Louis","MO",63105,2875000,5,6,"Clayton",4664,26049,2019,34,616,19,"Active","","","http://www.redfin.com/MO/Clayton/635-W-Polo-Dr-63105/home/93479740","MARIS","18091973","N","Y",38.6421651,-90.3386911,2018,1231
"MLS Listing",NA,"Single Family Residential","11 E Brentmoor Park","Clayton","MO",63105,2995000,4,7,"Clayton",10472,74052,1910,328,286,250,"Active","","","http://www.redfin.com/MO/Clayton/11-Brentmoor-Park-63105/home/93478677","MARIS","18008028","N","Y",38.6453638,-90.3182873,2018,1232
"MLS Listing",NA,"Single Family Residential","8 Fordyce Ln","Ladue","MO",63124,2995000,6,9,"Ladue",7372,111514,1928,969,406,50,"Active","","","http://www.redfin.com/MO/St-Louis/8-Fordyce-Ln-63124/home/93472669","MARIS","16030401","N","Y",38.6576227,-90.3892934,2018,1233
"MLS Listing",NA,"Condo/Co-op","8025 Maryland Ave Unit 15C","Clayton","MO",63105,2995000,2,3,"Clayton",4021,1220,2006,181,745,2099,"Active","","","http://www.redfin.com/MO/Clayton/8025-Maryland-Ave-63105/unit-15C/home/93326977","MARIS","18052832","N","Y",38.6523487,-90.3408204,2018,1234
"MLS Listing",NA,"Single Family Residential","209 N Bemiston Ave","Clayton","MO",63105,3200000,5,6,"Clayton",5312,7971,NA,51,602,NA,"Active","","","http://www.redfin.com/MO/Clayton/209-N-Bemiston-Ave-63105/home/92906869","MARIS","18089890","N","Y",38.6546491,-90.3365148,2018,1235
"MLS Listing",NA,"Single Family Residential","15 Pine Valley Dr","Ladue","MO",63124,3250000,6,8,"Ladue",9837,87120,1927,101,330,NA,"Active","","","http://www.redfin.com/MO/St-Louis/15-Pine-Valley-Dr-63124/home/93480439","MARIS","18076582","N","Y",38.646968,-90.3718378,2018,1236
"MLS Listing",NA,"Single Family Residential","564 Barnes Rd","Ladue","MO",63124,4500000,7,9,"Ladue",8850,84942,1992,118,508,NA,"Active","","","http://www.redfin.com/MO/St-Louis/564-Barnes-Rd-63124/home/93318318","MARIS","18070411","N","Y",38.6478048,-90.3854668,2018,1237
"MLS Listing",NA,"Single Family Residential","1 Denny Ln","Huntleigh","MO",63131,4975000,3,3,"Kirkwood",3046,170755,1954,51,1633,NA,"Active","","","http://www.redfin.com/MO/St-Louis/1-Denny-Ln-63131/home/69385088","MARIS","18089828","N","Y",38.6170192,-90.4046661,2018,1238
"MLS Listing",NA,"Single Family Residential","18 Pine Valley Dr","St Louis","MO",63124,5250000,5,7,"Ladue",7954,87120,1940,181,660,94,"Active","","","http://www.redfin.com/MO/St-Louis/18-Pine-Valley-Dr-63124/home/93480438","MARIS","18051856","N","Y",38.6475996,-90.372886,2018,1239
"MLS Listing",NA,"Single Family Residential","9847 Litzsinger Rd","Ladue","MO",63124,5995000,5,9,"Ladue",11308,148104,2007,342,530,NA,"Active","","","http://www.redfin.com/MO/St-Louis/9847-Litzsinger-Rd-63124/home/83164414","MARIS","18004937","N","Y",38.6260132,-90.3839952,2018,1240
"MLS Listing",NA,"Single Family Residential","9625 Ladue Rd","Ladue","MO",63124,7400000,5,9,"Ladue",8332,348480,1925,202,888,NA,"Active","","","http://www.redfin.com/MO/St-Louis/9625-Ladue-Rd-63124/home/93472388","MARIS","18048382","N","Y",38.654654,-90.389111,2018,1241
"For-Sale-by-Owner Listing",NA,"Single Family Residential","5323 Kenrick Manor Ct","St. Louis","MO",63119,65005711,4,3,"Saint Louis",2112,12196,1983,62,30779,NA,"Active","","","http://www.redfin.com/MO/St-Louis/5323-Kenrick-Manor-Ct-63119/home/93525247","Fizber.com","4986470","N","Y",38.5831202,-90.3355495,2018,1242
"MLS Listing",NA,"Single Family Residential","964 Cottontail Ln","St Charles","MO",63303,299900,4,4,"Francis Howell North",2376,10890,1998,1,126,8,"Active","","","http://www.redfin.com/MO/St-Charles/964-Cottontail-Ln-63303/home/62736694","MARIS","19000380","N","Y",38.7269672,-90.574014,2018,1243
"MLS Listing",NA,"Condo/Co-op","3149 Railcar Bnd","St Charles","MO",63301,159900,2,3,"Orchard Farm",1298,1873,2007,1,123,75,"Active","","","http://www.redfin.com/MO/St-Charles/3149-Railcar-Bnd-63301/home/62702745","MARIS","18096240","N","Y",38.825561,-90.488949,2018,1244
"MLS Listing",NA,"Single Family Residential","4169 Stonecroft Dr","St Charles","MO",63304,290000,5,4,"Francis Howell",1428,7841,2005,2,203,22,"Active","January-6-2019 1:00 PM","January-6-2019 3:00 PM","http://www.redfin.com/MO/St-Charles/4169-Stonecroft-Dr-63304/home/103243057","MARIS","19000022","N","Y",38.7294742,-90.6060412,2018,1245
"MLS Listing",NA,"Single Family Residential","2 Bluff View Ct","St Charles","MO",63303,350000,3,2,"Francis Howell North",2262,44867,1982,2,155,10,"Active","","","http://www.redfin.com/MO/St-Charles/2-Bluff-View-Ct-63303/home/103309275","MARIS","18096525","N","Y",38.7168218,-90.5694118,2018,1246
"MLS Listing",NA,"Single Family Residential","602 N 6th St","St Charles","MO",63301,350000,4,4,"St. Charles",2898,10237,1880,2,121,NA,"Active","","","http://www.redfin.com/MO/St-Charles/602-N-6th-St-63301/home/62753808","MARIS","19000020","N","Y",38.788176,-90.4856493,2018,1247
"MLS Listing",NA,"Single Family Residential","1317 Cinnamon Hls","St Peters","MO",63303,150000,3,2,"Francis Howell",1056,8494,1979,4,142,NA,"Active","","","http://www.redfin.com/MO/St-Peters/1317-Cinnamon-Hills-Dr-63303/home/103295042","MARIS","18096452","N","Y",38.7395157,-90.5745868,2018,1248
"MLS Listing",NA,"Single Family Residential","3598 Ruby Ln","Unincorporated","MO",63303,275000,4,3,"Francis Howell North",1862,10454,1996,5,148,8,"Active","","","http://www.redfin.com/MO/St-Charles/3598-Ruby-Ln-63303/home/103296315","MARIS","18096069","N","Y",38.7379332,-90.5735704,2018,1249
"MLS Listing",NA,"Single Family Residential","1116 N 4th","St Charles","MO",63301,269900,3,1,"St. Charles",1562,7492,1925,5,173,NA,"Active","","","http://www.redfin.com/MO/St-Charles/1116-N-4th-St-63301/home/103348283","MARIS","18095568","N","Y",38.791183,-90.4800062,2018,1250
"MLS Listing",NA,"Single Family Residential","830 Emerald Pl","St Charles","MO",63304,255000,3,2,"Francis Howell",1725,10019,1997,6,148,14,"Active","","","http://www.redfin.com/MO/St-Charles/830-Emerald-Pl-Dr-63304/home/103309129","MARIS","18096192","N","Y",38.7269887,-90.6564545,2018,1251
"MLS Listing",NA,"Single Family Residential","432 Fort Saratoga","St Charles","MO",63303,549900,4,3,"Francis Howell North",2563,33541,2004,6,215,18,"Active","","","http://www.redfin.com/MO/St-Charles/432-Fort-Saratoga-63303/home/103247608","MARIS","18095156","N","Y",38.7477145,-90.5408324,2018,1252
"MLS Listing",NA,"Single Family Residential","1009 North Brampton Dr","St Charles","MO",63304,236900,3,2,"Francis Howell Cntrl",1445,8276,1995,6,164,6,"Active","","","http://www.redfin.com/MO/St-Charles/1009-N-Brampton-Dr-63304/home/69096903","MARIS","18090676","N","Y",38.730336,-90.595403,2018,1253
"MLS Listing",NA,"Single Family Residential","3628 Saint Alban Dr","St Charles","MO",63301,155000,3,1,"St. Charles West",912,9439,1970,6,170,4,"Active","","","http://www.redfin.com/MO/St-Charles/3628-St-Alban-Dr-63301/home/103325073","MARIS","18069781","N","Y",38.800907,-90.5461503,2018,1254
"MLS Listing",NA,"Single Family Residential","0 Audubon@provence","St Charles","MO",63301,285900,3,2,"St. Charles",1734,NA,NA,7,165,27,"Active","","","http://www.redfin.com/MO/St-Charles/0-Audubon-provence-63301/home/144483217","MARIS","18095350","N","Y",38.803447,-90.484826,2018,1255
"MLS Listing",NA,"Single Family Residential","3290 Starkville St","St Charles","MO",63301,250000,3,3,"Orchard Farm",1992,3398,2015,8,126,77,"Active","January-6-2019 1:00 PM","January-6-2019 3:00 PM","http://www.redfin.com/MO/St-Charles/3290-Starkville-St-63301/home/103263681","MARIS","18095942","N","Y",38.8379588,-90.5011415,2018,1256
"MLS Listing",NA,"Condo/Co-op","2344 Parc Saint Mitre Ct","St Charles","MO",63301,353206,2,3,"St. Charles",1347,6970,NA,8,262,100,"Active","","","http://www.redfin.com/MO/St-Charles/2344-Parc-Saint-Mitre-Ct-63301/home/148504533","MARIS","18094618","N","Y",38.80268,-90.488496,2018,1257
"MLS Listing",NA,"Single Family Residential","19 San Carlos","St Charles","MO",63303,249900,4,4,"St. Charles",2182,37462,1973,10,115,NA,"Active","","","http://www.redfin.com/MO/St-Charles/19-San-Carlos-Dr-63303/home/103329016","MARIS","18095929","N","Y",38.7627038,-90.4969903,2018,1258
"MLS Listing",NA,"Single Family Residential","820 Ridgetop Cir","St Charles","MO",63304,280000,4,3,"Francis Howell",2165,7405,1986,11,129,21,"Active","","","http://www.redfin.com/MO/St-Charles/820-Ridgetop-Cir-63304/home/103313793","MARIS","18095887","N","Y",38.7229038,-90.6727462,2018,1259
"MLS Listing",NA,"Single Family Residential","148 Country Brook Ct","St Charles","MO",63303,179900,3,2,"Francis Howell North",1422,7841,1984,11,127,NA,"Active","","","http://www.redfin.com/MO/St-Charles/148-Country-Brook-Ct-63303/home/103295695","MARIS","18095832","N","Y",38.7388762,-90.5647568,2018,1260
"MLS Listing",NA,"Single Family Residential","696 Napa Ln","St Charles","MO",63304,252000,4,4,"Francis Howell Cntrl",2046,10019,1989,12,123,31,"Active","","","http://www.redfin.com/MO/St-Charles/696-Napa-Ln-63304/home/102852536","MARIS","18095410","N","Y",38.7129128,-90.5862521,2018,1261
"MLS Listing",NA,"Single Family Residential","3552 Barter St","St Charles","MO",63301,315000,2,3,"Orchard Farm",1984,3049,2006,12,159,70,"Active","","","http://www.redfin.com/MO/St-Charles/3552-Barter-St-63301/home/103255784","MARIS","18095446","N","Y",38.83712,-90.486439,2018,1262
"MLS Listing",NA,"Single Family Residential","4066 Stonecroft Dr","St Charles","MO",63304,397000,4,4,"Francis Howell",2925,10019,2008,12,136,NA,"Active","","","http://www.redfin.com/MO/St-Charles/4066-Stonecroft-Dr-63304/home/103250450","MARIS","18095593","N","Y",38.7308944,-90.6123986,2018,1263
"MLS Listing",NA,"Single Family Residential","1307 Spring Park Dr","St Charles","MO",63303,249900,4,3,"Francis Howell North",2048,10019,2001,15,122,NA,"Active","","","http://www.redfin.com/MO/St-Charles/1307-Spring-Park-Dr-63303/home/103333694","MARIS","18094481","N","Y",38.7336739,-90.5703729,2018,1264
"MLS Listing",NA,"Single Family Residential","1912 Crossbridge Ct","St Charles","MO",63303,289900,4,3,"Francis Howell North",1890,6098,2009,15,153,19,"Active","","","http://www.redfin.com/MO/St-Charles/1912-Crossbridge-Ct-63303/home/103257198","MARIS","18095381","N","Y",38.7601418,-90.511625,2018,1265
"MLS Listing",NA,"Condo/Co-op","2325 Parc Saint Mitre Ct","St Charles","MO",63301,359900,2,3,"St. Charles",1492,4792,NA,15,241,100,"Active","","","http://www.redfin.com/MO/Saint-Charles/2325-Parc-Saint-Mitre-Ct-63301/home/145849374","MARIS","18094557","N","Y",38.80201,-90.488373,2018,1266
"MLS Listing",NA,"Condo/Co-op","1245 Shirley Ridge Dr","St Charles","MO",63304,159000,2,2,"Francis Howell",1440,1960,1988,16,110,210,"Active","","","http://www.redfin.com/MO/St-Charles/1245-Shirley-Ridge-Dr-63304/unit-4A/home/103308331","MARIS","18094392","N","Y",38.733528,-90.628317,2018,1267
"MLS Listing",NA,"Single Family Residential","4172 Providence Dr","St Charles","MO",63304,194900,3,3,"Francis Howell Cntrl",1250,12632,1979,16,156,8,"Active","","","http://www.redfin.com/MO/St-Charles/4172-Providence-Dr-63304/home/103305936","MARIS","18095281","N","Y",38.7490832,-90.6013792,2018,1268
"MLS Listing",NA,"Single Family Residential","805 Treadway Ave","St Charles","MO",63301,239900,4,3,"St. Charles",1426,11326,1972,16,168,NA,"Active","","","http://www.redfin.com/MO/St-Charles/805-Treadway-Ave-63301/home/103350196","MARIS","18095181","N","Y",38.7918693,-90.5203735,2018,1269
"MLS Listing",NA,"Single Family Residential","877 Natchez Dr","St Charles","MO",63303,525000,4,4,"Francis Howell North",2934,37026,1991,17,179,8,"Active","","","http://www.redfin.com/MO/St-Charles/877-Natchez-Dr-63303/home/103296105","MARIS","18095149","N","Y",38.7404681,-90.5550335,2018,1270
"MLS Listing",NA,"Single Family Residential","3404 Mackey Wherry St","St Charles","MO",63301,236900,3,3,"Orchard Farm",1680,3485,2008,20,141,NA,"Active","","","http://www.redfin.com/MO/St-Charles/3404-Mackey-Wherry-St-63301/home/103259967","MARIS","18094835","N","Y",38.8313474,-90.4902971,2018,1271
"MLS Listing",NA,"Single Family Residential","1 Capitol Ct","St Charles","MO",63301,475000,3,3,"Orchard Farm",2400,16988,NA,21,198,10,"Active","","","http://www.redfin.com/MO/St-Charles/1-1st-Capitol-Dr-63301/home/148473923","MARIS","18094659","N","Y",38.810323,-90.529833,2018,1272
"MLS Listing",NA,"Single Family Residential","0 Capitol Ct","St Charles","MO",63301,475000,3,3,"Orchard Farm",2000,16988,NA,21,238,10,"Active","","","http://www.redfin.com/MO/St-Charles/Capitol-Ct-63301/home/103321896","MARIS","18094657","N","Y",38.810743,-90.529322,2018,1273
"MLS Listing",NA,"Condo/Co-op","1380 Heritage Lndg #206","St Charles","MO",63303,79500,1,1,"Francis Howell North",750,392,1979,21,106,230,"Active","","","http://www.redfin.com/MO/St-Charles/1380-Heritage-Lndg-63303/unit-206/home/103294297","MARIS","18094487","N","Y",38.7508454,-90.5436144,2018,1274
"MLS Listing",NA,"Single Family Residential","","St Charles","MO",63303,235000,5,3,"",2400,10759,1967,21,98,NA,"Active","","","http://www.redfin.com/MO/St-Peters/Undisclosed-address-63303/home/148473649","MARIS","18094639","N","Y",38.7250374,-90.554149,2018,1275
"MLS Listing",NA,"Single Family Residential","346 Woodmere Dr","St Charles","MO",63303,515000,6,4,"Francis Howell North",3096,23958,1990,22,166,8,"Active","","","http://www.redfin.com/MO/St-Charles/346-Woodmere-Dr-63303/home/103300999","MARIS","18093881","N","Y",38.7232599,-90.5534894,2018,1276
"MLS Listing",NA,"Single Family Residential","2937 Greenleaf Dr","St Charles","MO",63303,379000,3,3,"St. Charles West",2460,36634,1974,23,154,NA,"Active","","","http://www.redfin.com/MO/St-Charles/2937-Greenleaf-Dr-63303/home/103349449","MARIS","18094320","N","Y",38.780818,-90.5504727,2018,1277
"MLS Listing",NA,"Single Family Residential","3157 Duquette","St Charles","MO",63301,120000,4,3,"St. Charles",888,11805,1966,23,135,NA,"Active","","","http://www.redfin.com/MO/St-Charles/3157-Duquette-Dr-63301/home/103345215","MARIS","18094261","N","Y",38.8110667,-90.4963048,2018,1278
"MLS Listing",NA,"Condo/Co-op","338 Shirley Ridge Dr","St Charles","MO",63304,137000,2,1,"Francis Howell",1271,1263,1988,23,108,305,"Active","","","http://www.redfin.com/MO/St-Charles/338-Shirley-Ridge-Dr-63304/unit-338A/home/103308446","MARIS","18093859","N","Y",38.735929,-90.629629,2018,1279
"MLS Listing",NA,"Single Family Residential","385 Portsmouth Dr","St Charles","MO",63303,365000,4,3,"Francis Howell North",2472,13504,1992,23,148,13,"Active","","","http://www.redfin.com/MO/St-Charles/385-Portsmouth-Dr-63303/home/103307730","MARIS","18094259","N","Y",38.7393694,-90.5425118,2018,1280
"MLS Listing",NA,"Single Family Residential","746 Friedens Rd","St Charles","MO",63303,176000,3,2,"Francis Howell North",1418,13765,1950,24,124,NA,"Active","","","http://www.redfin.com/MO/St-Charles/746-Friedens-Rd-63303/home/103285409","MARIS","18093895","N","Y",38.7646428,-90.5202628,2018,1281
"MLS Listing",NA,"Single Family Residential","3044 Willow Bend Dr","St Charles","MO",63303,229900,3,2,"Francis Howell North",1502,9540,1979,24,153,NA,"Active","","","http://www.redfin.com/MO/St-Charles/3044-Willow-Bend-Dr-63303/home/103295116","MARIS","18093327","N","Y",38.7343641,-90.5587124,2018,1282
"MLS Listing",NA,"Single Family Residential","3255 Simeon Bunker","St Charles","MO",63301,237029,3,3,"Orchard Farm",1460,NA,NA,24,162,77,"Active","","","http://www.redfin.com/MO/St-Charles/3255-Simeon-Bunker-St-63301/home/148442346","MARIS","18093899","N","Y",38.8296965,-90.4897244,2018,1283
"MLS Listing",NA,"Single Family Residential","6162 Suntan Dr","St Charles","MO",63301,416293,3,3,"Orchard Farm",2328,NA,NA,24,179,70,"Active","","","http://www.redfin.com/MO/St-Charles/6162-Suntan-Dr-63301/home/148442085","MARIS","18093892","N","Y",38.85614,-90.477226,2018,1284
"MLS Listing",NA,"Single Family Residential","3336 Camp St","St Charles","MO",63301,306093,4,3,"Orchard Farm",2032,NA,NA,24,151,77,"Active","","","http://www.redfin.com/MO/St-Charles/3336-Camp-St-63301/home/108603785","MARIS","18093886","N","Y",38.8392225,-90.5005016,2018,1285
"MLS Listing",NA,"Single Family Residential","1021 Pine","St Charles","MO",63301,109900,3,1,"St. Charles",972,5009,1960,24,113,NA,"Active","","","http://www.redfin.com/MO/St-Charles/1021-Pine-St-63301/home/103348153","MARIS","18093951","N","Y",38.796014,-90.485791,2018,1286
"MLS Listing",NA,"Single Family Residential","113 Front Lake Ln","St Charles","MO",63301,341658,4,3,"Orchard Farm",2032,NA,NA,25,168,77,"Active","","","http://www.redfin.com/MO/St-Charles/113-Front-Lake-Ln-63301/home/143243167","MARIS","18093782","N","Y",38.8411095,-90.500128,2018,1287
"MLS Listing",NA,"Single Family Residential","21 San Carlos Dr","St Charles","MO",63303,192000,3,3,"St. Charles",1566,13068,1976,26,123,NA,"Active","","","http://www.redfin.com/MO/St-Charles/21-San-Carlos-Dr-63303/home/62705224","MARIS","18093444","N","Y",38.7625378,-90.4964581,2018,1288
"MLS Listing",NA,"Single Family Residential","1700 Wild Goose","St Charles","MO",63303,235000,4,3,"St. Charles",2292,10454,1992,27,103,8,"Active","","","http://www.redfin.com/MO/St-Charles/1700-Wild-Goose-Run-63303/home/103328038","MARIS","18093685","N","Y",38.7737494,-90.549623,2018,1289
"MLS Listing",NA,"Single Family Residential","3230 S Canal Way","St Charles","MO",63301,435000,5,4,"Orchard Farm",2638,4792,2006,27,165,77,"Active","","","http://www.redfin.com/MO/St-Charles/3230-S-Canal-Way-63301/home/103251949","MARIS","18093766","N","Y",38.8381346,-90.4983767,2018,1290
"MLS Listing",NA,"Single Family Residential","2344 Cabric Dr","St Charles","MO",63301,335307,4,4,"St. Charles",2480,8712,NA,27,135,27,"Active","","","http://www.redfin.com/MO/St-Charles/2344-Cabric-Dr-63301/home/147232246","MARIS","18091735","N","Y",38.803755,-90.488636,2018,1291
"MLS Listing",NA,"Single Family Residential","3503 Brookwood Cir","St Charles","MO",63301,325000,5,4,"St. Charles West",2462,24829,1990,27,132,13,"Active","","","http://www.redfin.com/MO/St-Charles/3503-Brookwood-Cir-63301/home/103327675","MARIS","18087887","N","Y",38.8054496,-90.5620753,2018,1292
"MLS Listing",NA,"Single Family Residential","602 King","St Charles","MO",63303,169900,3,3,"St. Charles West",1296,1089,1989,29,131,200,"Active","January-6-2019 1:00 PM","January-6-2019 3:00 PM","http://www.redfin.com/MO/St-Charles/602-King-Dr-63303/unit-F/home/103350691","MARIS","18093125","N","Y",38.778847,-90.527036,2018,1293
"MLS Listing",NA,"Single Family Residential","1 Tbb-bristol Ii @ Sandfort Farm","St Charles","MO",63301,385900,4,3,"St. Charles West",3243,NA,NA,29,119,135,"Active","","","http://www.redfin.com/MO/St-Charles/1-Tbb-bristol-Ii-Sandfort-Farm-63301/home/148557017","MARIS","18093109","N","Y",38.793375,-90.552136,2018,1294
"MLS Listing",NA,"Single Family Residential","1 Tbb-fairfax At Sandfort Farm","St Charles","MO",63301,323900,4,3,"St. Charles West",2480,NA,NA,29,131,125,"Active","","","http://www.redfin.com/MO/Saint-Charles/1-Dardenne-Farms-Dr-63301/home/148037257","MARIS","18093101","N","Y",38.793375,-90.552136,2018,1295
"MLS Listing",NA,"Single Family Residential","1 Tbb-breckenridge Ii @ Sandfort","St Charles","MO",63301,396900,4,3,"St. Charles West",3388,NA,NA,29,117,135,"Active","","","http://www.redfin.com/MO/Lindenwood-Township/1-Sandfort-Ln-63301/home/148169889","MARIS","18093123","N","Y",38.793375,-90.552136,2018,1296
"MLS Listing",NA,"Single Family Residential","803 Jefferson St","St Charles","MO",63301,185000,2,2,"St. Charles",1164,4008,1896,30,159,NA,"Active","","","http://www.redfin.com/MO/St-Charles/803-Jefferson-St-63301/home/62724060","MARIS","18092755","N","Y",38.7842291,-90.4911087,2018,1297
"MLS Listing",NA,"Single Family Residential","3336 Civic Green Dr","St Charles","MO",63301,199900,3,3,"Orchard Farm",1521,1307,2004,31,131,70,"Active","","","http://www.redfin.com/MO/St-Charles/3336-Civic-Green-Dr-63301/home/103249241","MARIS","18092779","N","Y",38.835631,-90.491292,2018,1298
"MLS Listing",NA,"Single Family Residential","1876 Spring Mill Crk","St Charles","MO",63303,1075000,6,5,"Francis Howell North",5134,25265,2008,31,209,79,"Active","January-6-2019 1:00 PM","January-6-2019 3:00 PM","http://www.redfin.com/MO/St-Charles/1876-Spring-Mill-Crk-63303/home/103253658","MARIS","18092834","N","Y",38.7653435,-90.5504173,2018,1299
"MLS Listing",NA,"Single Family Residential","14 Prairie Haute","St Charles","MO",63301,339900,3,3,"St. Charles",2153,28227,1959,34,158,NA,"Active","","","http://www.redfin.com/MO/St-Charles/14-Prairie-Haute-Dr-63301/home/103349097","MARIS","18089752","N","Y",38.7916958,-90.5035736,2018,1300
"MLS Listing",NA,"Single Family Residential","3444 Brookside Crossing Dr","St Charles","MO",63301,259900,3,2,"Orchard Farm",1498,8102,NA,34,173,21,"Active","","","http://www.redfin.com/MO/St-Charles/3444-Brookside-Crossing-Dr-63301/home/148373225","MARIS","18090775","N","Y",38.8263959,-90.4822415,2018,1301
"MLS Listing",NA,"Single Family Residential","3516 Brookside Crossing Dr","St Charles","MO",63301,339900,3,2,"Orchard Farm",1714,8712,NA,34,198,21,"Active","","","http://www.redfin.com/MO/St-Charles/3516-Brookside-Crossing-Dr-63301/home/148373145","MARIS","18090777","N","Y",38.827871,-90.4797865,2018,1302
"MLS Listing",NA,"Single Family Residential","3029 Yale Blvd","St Charles","MO",63301,275000,4,3,"St. Charles",2114,8625,1977,35,130,NA,"Active","","","http://www.redfin.com/MO/St-Charles/3029-Yale-Blvd-63301/home/103325411","MARIS","18092243","N","Y",38.8006307,-90.5169403,2018,1303
"MLS Listing",NA,"Single Family Residential","115 Gibraltar Point Ct","St Charles","MO",63304,264900,4,3,"Francis Howell Cntrl",1960,10019,1999,36,135,8,"Active","","","http://www.redfin.com/MO/St-Charles/115-Gibraltar-Point-Ct-63304/home/103298916","MARIS","18091554","N","Y",38.7272323,-90.5947211,2018,1304
"MLS Listing",NA,"Single Family Residential","1014 Pine St","St Charles","MO",63301,78000,2,1,"St. Charles",769,3746,1930,36,101,NA,"Active","","","http://www.redfin.com/MO/St-Charles/1014-Pine-St-63301/home/103339753","MARIS","18092208","N","Y",38.7954611,-90.4857875,2018,1305
"MLS Listing",NA,"Single Family Residential","3464 Foxborough Cir","St Charles","MO",63301,298900,4,4,"St. Charles West",2592,9583,1988,36,115,NA,"Active","","","http://www.redfin.com/MO/St-Charles/3464-Foxborough-Cir-63301/home/103327716","MARIS","18092205","N","Y",38.803779,-90.560359,2018,1306
"MLS Listing",NA,"Single Family Residential","12 Kelso Dr","St Charles","MO",63301,303900,4,3,"Orchard Farm",2656,9583,2000,36,114,8,"Active","","","http://www.redfin.com/MO/St-Charles/12-Kelso-Dr-63301/home/103324024","MARIS","18091919","N","Y",38.7960518,-90.5558109,2018,1307
"MLS Listing",NA,"Single Family Residential","811 Cunningham Ave","St Charles","MO",63301,129900,2,2,"St. Charles",1342,13983,1956,36,97,NA,"Active","","","http://www.redfin.com/MO/St-Charles/811-Cunningham-Ave-63301/home/103325969","MARIS","18092033","N","Y",38.779971,-90.5025461,2018,1308
"MLS Listing",NA,"Single Family Residential","1217 Clairmont Ln","St Charles","MO",63303,172500,4,2,"Francis Howell",1233,8059,1969,36,140,NA,"Active","","","http://www.redfin.com/MO/St-Charles/1217-Clairmont-Ln-63303/home/62747363","MARIS","18092040","N","Y",38.7662,-90.51124,2018,1309
"MLS Listing",NA,"Single Family Residential","3362 Hempstead Way","St Charles","MO",63301,425000,4,3,"Orchard Farm",2208,6795,2013,36,192,77,"Active","","","http://www.redfin.com/MO/St-Charles/3362-Hempstead-Way-63301/home/103264007","MARIS","18091896","N","Y",38.8410595,-90.4975136,2018,1310
"MLS Listing",NA,"Single Family Residential","709 Woodbriar Ln","St Charles","MO",63303,269900,3,2,"Francis Howell North",1545,14505,1983,37,175,NA,"Active","","","http://www.redfin.com/MO/St-Charles/709-Woodbriar-Ln-63303/home/103292517","MARIS","18087147","N","Y",38.7610421,-90.5559392,2018,1311
"MLS Listing",NA,"Condo/Co-op","2991 Chapel Ridge #4a Ln Unit 4A","St Charles","MO",63301,195000,2,2,"St. Charles West",1400,2744,1992,37,139,215,"Active","","","http://www.redfin.com/MO/St-Charles/2991-Chapel-Ridge-Ln-63301/unit-4A/home/103327730","MARIS","18090268","N","Y",38.808783,-90.546756,2018,1312
"MLS Listing",NA,"Condo/Co-op","2626 Hampton Rd Unit D","St Charles","MO",63303,125000,2,3,"Francis Howell North",1496,2091,1977,42,84,200,"Active","","","http://www.redfin.com/MO/St-Charles/2626-Hampton-Rd-63303/unit-D/home/103307649","MARIS","18091402","N","Y",38.7493229,-90.545383,2018,1313
"MLS Listing",NA,"Single Family Residential","4432 Towers","Weldon Spring","MO",63304,235000,4,3,"Francis Howell",2099,26572,1966,43,112,NA,"Active","","","http://www.redfin.com/MO/Weldon-Spring/4432-Towers-Rd-63304/home/103302986","MARIS","18091388","N","Y",38.72035,-90.6190079,2018,1314
"MLS Listing",NA,"Condo/Co-op","2423 Muegge Rd","St Charles","MO",63303,163000,2,2,"St. Charles West",1013,6752,1989,44,161,NA,"Active","","","http://www.redfin.com/MO/St-Charles/2423-Muegge-Rd-63303/home/103326420","MARIS","18091163","N","Y",38.7829989,-90.5602959,2018,1315
"MLS Listing",NA,"Single Family Residential","645 Sterling Terrace Dr","St Charles","MO",63301,445000,4,3,"St. Charles West",3532,13068,2011,44,126,44,"Active","January-6-2019 1:00 PM","January-6-2019 3:00 PM","http://www.redfin.com/MO/St-Charles/645-Sterling-Terrace-Dr-63301/home/103250387","MARIS","18083895","N","Y",38.796105,-90.5461319,2018,1316
"MLS Listing",NA,"Single Family Residential","2200 Graystone","St Charles","MO",63303,249000,3,4,"Francis Howell North",1768,9148,1986,46,141,NA,"Active","January-6-2019 1:00 PM","January-6-2019 4:00 PM","http://www.redfin.com/MO/St-Charles/2200-Graystone-Dr-63303/home/103285678","MARIS","18090710","N","Y",38.7695501,-90.5382456,2018,1317
"MLS Listing",NA,"Single Family Residential","51 San Carlos","St Charles","MO",63303,209997,4,2,"St. Charles",1872,10367,1976,47,112,NA,"Active","","","http://www.redfin.com/MO/St-Charles/51-San-Carlos-Dr-63303/home/83142707","MARIS","18090500","N","Y",38.761325,-90.4973338,2018,1318
"MLS Listing",NA,"Single Family Residential","35 Lee Dr","St Charles","MO",63301,189900,5,3,"St. Charles",1222,21301,1968,47,155,NA,"Active","January-5-2019 12:00 PM","January-5-2019 3:00 PM","http://www.redfin.com/MO/St-Charles/35-Lee-Dr-63301/home/103345733","MARIS","18090600","N","Y",38.809532,-90.509226,2018,1319
"MLS Listing",NA,"Single Family Residential","3425 Mackey Wherry St","St Charles","MO",63301,265000,4,3,"Orchard Farm",1920,2614,2008,48,138,67,"Active","","","http://www.redfin.com/MO/St-Charles/3425-Mackey-Wherry-St-63301/home/63641486","MARIS","18090671","N","Y",38.8312465,-90.4895931,2018,1320
"MLS Listing",NA,"Vacant Land","5428 Old Gutermuth","St Charles","MO",63304,249000,NA,NA,"Francis Howell Cntrl",NA,80150,NA,49,NA,NA,"Active","","","http://www.redfin.com/MO/St-Charles/5428-Old-Gutermuth-Rd-63304/home/103304260","MARIS","18090442","N","Y",38.7364782,-90.6612264,2018,1321
"MLS Listing",NA,"Single Family Residential","2 Country Club Woods Dr","St Charles","MO",63303,484900,5,4,"St. Charles West",2641,16117,2000,49,184,NA,"Active","","","http://www.redfin.com/MO/St-Charles/2-Country-Club-Woods-Dr-63303/home/103328122","MARIS","18089767","N","Y",38.778156,-90.5427149,2018,1322
"MLS Listing",NA,"Condo/Co-op","","St Charles","MO",63303,109900,2,2,"",1037,479,1979,49,106,225,"Active","","","http://www.redfin.com/MO/St-Peters/Undisclosed-address-63303/home/148127533","MARIS","18090380","N","Y",38.7250374,-90.554149,2018,1323
"MLS Listing",NA,"Single Family Residential","3208 Tally Ho Dr","St Charles","MO",63301,218900,3,2,"Orchard Farm",1540,10019,1976,49,142,NA,"Active","","","http://www.redfin.com/MO/St-Charles/3208-Tally-Ho-Dr-63301/home/103323120","MARIS","18089407","N","Y",38.8178242,-90.4905553,2018,1324
"MLS Listing",NA,"Condo/Co-op","42 N Trumbull","St Charles","MO",63301,205000,2,2,"St. Charles",1583,2919,1999,50,130,200,"Active","","","http://www.redfin.com/MO/St-Charles/42-N-Trumbull-Cir-63301/unit-37C/home/103336390","MARIS","18086111","N","Y",38.8145409,-90.509016,2018,1325
"MLS Listing",NA,"Single Family Residential","2377 Banon Dr","St Charles","MO",63301,305000,3,4,"St. Charles",1624,6839,2016,50,188,24,"Active","","","http://www.redfin.com/MO/St-Charles/2377-Banon-Dr-63301/home/143241884","MARIS","18089942","N","Y",38.8039784,-90.4856946,2018,1326
"MLS Listing",NA,"Single Family Residential","3265 Bentwater Place Dr","St Charles","MO",63301,229900,3,2,"Orchard Farm",1279,7471,NA,50,180,21,"Active","","","http://www.redfin.com/MO/Saint-Charles/3265-Bentwater-Pl-63301/home/147930815","MARIS","18089912","N","Y",38.829188,-90.487606,2018,1327
"MLS Listing",NA,"Single Family Residential","2409 Aurelien (lot 136) Ct","St Charles","MO",63301,384900,3,2,"St. Charles",2240,8276,NA,52,172,27,"Active","","","http://www.redfin.com/MO/Saint-Charles/2409-Aurelien-Ct-63301/home/147134076","MARIS","18089590","N","Y",38.805316,-90.487844,2018,1328
"MLS Listing",NA,"Single Family Residential","2405 Aurelien (lot 135) Ct","St Charles","MO",63301,385784,4,3,"St. Charles",2892,9148,NA,52,133,27,"Active","","","http://www.redfin.com/MO/Saint-Charles/2405-Aurelien-Ct-63301/home/147244823","MARIS","18089580","N","Y",38.805316,-90.487844,2018,1329
"MLS Listing",NA,"Single Family Residential","16 Twin Oaks","St Charles","MO",63303,225000,4,3,"Francis Howell North",2400,17555,1968,54,94,NA,"Active","","","http://www.redfin.com/MO/St-Charles/16-Twin-Oaks-Dr-63303/home/103285375","MARIS","18089451","N","Y",38.7642893,-90.5169772,2018,1330
"MLS Listing",NA,"Single Family Residential","30 W Cheshire","St Charles","MO",63303,210000,4,3,"St. Charles West",1839,17860,1965,54,114,NA,"Active","","","http://www.redfin.com/MO/St-Charles/30-Cheshire-Dr-63303/home/103326417","MARIS","18089210","N","Y",38.7828742,-90.5608373,2018,1331
"MLS Listing",NA,"Single Family Residential","1213 Clairmont","St Charles","MO",63303,205000,4,3,"Francis Howell North",1304,8059,1968,54,157,NA,"Active","","","http://www.redfin.com/MO/St-Charles/1213-Clairmont-Ln-63303/home/103313422","MARIS","18089469","N","Y",38.7661471,-90.511083,2018,1332
"MLS Listing",NA,"Ranch","0 Greens Bottom Rd","St Charles","MO",63304,790000,0,NA,"Francis Howell",NA,614196,NA,55,NA,NA,"Active","","","http://www.redfin.com/MO/St-Charles/0-Greens-Bottom-Rd-63304/home/109497397","MARIS","18089344","N","Y",38.711972,-90.577542,2018,1333
"MLS Listing",NA,"Condo/Co-op","48 Spring Gardens Ct Unit 5D","St Charles","MO",63303,196650,3,3,"St. Charles West",1382,1742,1996,56,142,170,"Active","","","http://www.redfin.com/MO/St-Charles/48-Spring-Gardens-Ct-63303/unit-5D/home/79930812","MARIS","18088759","N","Y",38.783403,-90.5575829,2018,1334
"MLS Listing",NA,"Single Family Residential","1331 Shorewinds Trl","St Charles","MO",63303,400000,4,3,"Francis Howell",2587,13068,2007,56,155,NA,"Active","","","http://www.redfin.com/MO/St-Charles/1331-Shorewind-Trl-63303/home/103256231","MARIS","18088157","N","Y",38.7675299,-90.5146148,2018,1335
"MLS Listing",NA,"Multi-Family (5+ Unit)","610 Clark St","St Charles","MO",63301,250000,NA,NA,"St. Charles",3565,10934,1880,57,70,NA,"Active","","","http://www.redfin.com/MO/St-Charles/610-Clark-St-63301/home/103349334","MARIS","18088860","N","Y",38.7876032,-90.4868505,2018,1336
"MLS Listing",NA,"Single Family Residential","728 N Benton Ave","St Charles","MO",63301,229500,2,2,"St. Charles",1773,7139,1880,59,129,NA,"Active","","","http://www.redfin.com/MO/St-Charles/728-N-Benton-Ave-63301/home/62759877","MARIS","18079581","N","Y",38.7891233,-90.4839157,2018,1337
"MLS Listing",NA,"Single Family Residential","2924 Kettering Dr","St Charles","MO",63303,289900,4,3,"Francis Howell North",2065,9148,1992,60,140,8,"Active","","","http://www.redfin.com/MO/St-Charles/2924-Kettering-Dr-63303/home/103287545","MARIS","18088108","N","Y",38.7689023,-90.5544261,2018,1338
"MLS Listing",NA,"Single Family Residential","1488 Gettysburg Lndg","St Charles","MO",63303,384900,4,4,"Francis Howell North",3001,15812,1983,62,128,18,"Active","","","http://www.redfin.com/MO/St-Charles/1488-Gettysburg-Lndg-63303/home/62693000","MARIS","18087978","N","Y",38.7448757,-90.5546293,2018,1339
"MLS Listing",NA,"Condo/Co-op","3104 Shady Oak Dr Unit 1B","St Charles","MO",63301,219500,3,3,"St. Charles West",1442,2265,1995,62,152,150,"Active","","","http://www.redfin.com/MO/St-Charles/3104-Shady-Oak-Dr-63301/unit-1B/home/103327931","MARIS","18088040","N","Y",38.80786,-90.549916,2018,1340
"MLS Listing",NA,"Single Family Residential","3226 Reed Xing","St Charles","MO",63301,198900,3,3,"Orchard Farm",1392,2309,2014,62,143,70,"Active","","","http://www.redfin.com/MO/St-Charles/3226-Reed-Crossing-St-63301/home/62694964","MARIS","18087661","N","Y",38.8347992,-90.4953793,2018,1341
"MLS Listing",NA,"Single Family Residential","3180 Ridgeview","St Charles","MO",63301,159900,3,1,"St. Charles",1285,17250,1940,63,124,NA,"Active","","","http://www.redfin.com/MO/St-Charles/3180-Ridgeview-Dr-63301/home/103346205","MARIS","18087732","N","Y",38.8126634,-90.4935804,2018,1342
"MLS Listing",NA,"Single Family Residential","3200 Bentwater Pl","St Charles","MO",63301,314900,4,4,"Orchard Farm",1778,13939,2006,63,177,29,"Active","","","http://www.redfin.com/MO/St-Charles/3200-Bent-Water-Pl-63301/home/103254554","MARIS","18087717","N","Y",38.8280804,-90.4900758,2018,1343
"MLS Listing",NA,"Single Family Residential","4120 White Water Dr","St Charles","MO",63304,349900,3,3,"Francis Howell",2303,43865,1978,63,152,NA,"Active","","","http://www.redfin.com/MO/St-Charles/4120-White-Water-Dr-63304/home/103305909","MARIS","18087696","N","Y",38.7524983,-90.6013607,2018,1344
"MLS Listing",NA,"Condo/Co-op","3706 Sherman Park","St Charles","MO",63303,159000,2,3,"Francis Howell North",1388,741,1994,64,115,156,"Active","","","http://www.redfin.com/MO/St-Charles/3706-Sherman-Park-Dr-63303/unit-6F/home/103286399","MARIS","18086988","N","Y",38.773452,-90.513949,2018,1345
"MLS Listing",NA,"Single Family Residential","2312 Banon Dr","St Charles","MO",63301,330000,3,2,"St. Charles",1786,6534,2017,64,185,NA,"Active","","","http://www.redfin.com/MO/St-Charles/2312-Banon-Dr-63301/home/125573146","MARIS","18084747","N","Y",38.8032994,-90.4864547,2018,1346
"MLS Listing",NA,"Condo/Co-op","2360 Parc Saint Mitre Ct","St Charles","MO",63301,393277,3,3,"St. Charles",2209,7405,NA,64,178,100,"Active","","","http://www.redfin.com/MO/Saint-Charles/2360-Parc-Saint-Mitre-Ct-63301/home/147884575","MARIS","18073545","N","Y",38.802856,-90.488951,2018,1347
"MLS Listing",NA,"Single Family Residential","3475 Hempstead St","St Charles","MO",63301,234900,3,3,"Orchard Farm",1360,2614,2006,65,173,NA,"Active","","","http://www.redfin.com/MO/St-Charles/3475-Hempstead-St-63301/home/103255771","MARIS","18086945","N","Y",38.8368937,-90.487512,2018,1348
"MLS Listing",NA,"Single Family Residential","4385 Austin Pass Dr","St Charles","MO",63304,599900,4,4,"Francis Howell",3595,53143,2004,66,167,29,"Active","","","http://www.redfin.com/MO/St-Charles/4385-Austin-Pass-Dr-63304/home/103246799","MARIS","18086741","N","Y",38.7023881,-90.6233404,2018,1349
"MLS Listing",NA,"Single Family Residential","3586 N New Town Ave","St Charles","MO",63301,210000,2,4,"Orchard Farm",1224,1742,2004,69,172,70,"Active","","","http://www.redfin.com/MO/St-Charles/3586-N-New-Town-Ave-63301/home/103248187","MARIS","18084288","N","Y",38.8374809,-90.495371,2018,1350
"MLS Listing",NA,"Single Family Residential","3332 Leverenz Dr","St Charles","MO",63301,150000,3,2,"St. Charles",1056,8059,1971,69,142,NA,"Active","","","http://www.redfin.com/MO/St-Charles/3332-Leverenz-Dr-63301/home/103345225","MARIS","18084878","N","Y",38.811409,-90.505966,2018,1351
"MLS Listing",NA,"Single Family Residential","3045 Mockingbird Dr","St Charles","MO",63301,264500,4,4,"St. Charles",2171,16291,1968,69,122,NA,"Active","","","http://www.redfin.com/MO/St-Charles/3045-Mockingbird-Dr-63301/home/103339360","MARIS","18084890","N","Y",38.8041917,-90.5109791,2018,1352
"MLS Listing",NA,"Vacant Land","1119 South Benton Ave","St Charles","MO",63301,39900,NA,NA,"St. Charles",NA,7405,NA,69,NA,NA,"Active","","","http://www.redfin.com/MO/Saint-Charles/1119-S-Benton-Ave-63301/home/147858266","MARIS","18086340","N","Y",38.7744998,-90.4919342,2018,1353
"MLS Listing",NA,"Single Family Residential","1873 Summitview Dr","St Charles","MO",63303,339900,5,4,"Francis Howell North",2496,9583,1996,69,136,9,"Active","","","http://www.redfin.com/MO/St-Charles/1873-Summitview-Dr-63303/home/103306466","MARIS","18081319","N","Y",38.7589183,-90.5201889,2018,1354
"MLS Listing",NA,"Single Family Residential","1517 Ticonderoga Dr","St Peters","MO",63376,259900,3,2,"St. Charles West",1820,14680,1980,69,143,NA,"Active","","","http://www.redfin.com/MO/St-Peters/1517-Ticonderoga-Dr-63376/home/103325980","MARIS","18086184","N","Y",38.781151,-90.5695216,2018,1355
"MLS Listing",NA,"Single Family Residential","2304 Chemin Ave","St Charles","MO",63301,375000,3,3,"St. Charles",2228,7667,2017,70,168,NA,"Active","","","http://www.redfin.com/MO/St-Charles/2304-Chemin-Ave-63301/home/122707541","MARIS","18084460","N","Y",38.8033781,-90.4843464,2018,1356
"MLS Listing",NA,"Single Family Residential","1 Tbb-dylan 4 At Provence","St Charles","MO",63301,279900,4,3,"St. Charles",2031,NA,NA,71,138,27,"Active","","","http://www.redfin.com/MO/St-Charles/1-Tbb-dylan-4-At-Provence-63301/home/147814785","MARIS","18082052","N","Y",38.803033,-90.485799,2018,1357
"MLS Listing",NA,"Single Family Residential","1 Tbb-dylan @ Provence","St Charles","MO",63301,267900,3,3,"St. Charles",1766,NA,NA,71,152,27,"Active","","","http://www.redfin.com/MO/St-Charles/1-Tbb-dylan-Provence-Unknown/home/147813975","MARIS","18082282","N","Y",38.803033,-90.485799,2018,1358
"MLS Listing",NA,"Single Family Residential","4607 Gregory Gerard Dr","St Charles","MO",63304,204900,4,3,"Francis Howell",2106,9932,1986,72,97,NA,"Active","","","http://www.redfin.com/MO/St-Charles/4607-Gregory-Gerard-Dr-63304/home/103307571","MARIS","18084114","N","Y",38.7330581,-90.6230998,2018,1359
"MLS Listing",NA,"Condo/Co-op","112 Cedar Grove Dr Unit C","St Charles","MO",63304,112500,1,2,"Francis Howell Cntrl",1050,479,1983,72,107,185,"Active","","","http://www.redfin.com/MO/St-Charles/112-Cedar-Grove-Dr-63304/unit-C/home/103297407","MARIS","18084509","N","Y",38.744195,-90.60164,2018,1360
"MLS Listing",NA,"Single Family Residential","520 Ken Dr","St Charles","MO",63301,178990,3,2,"St. Charles",1056,8756,1972,72,169,NA,"Active","","","http://www.redfin.com/MO/St-Charles/520-Ken-Dr-63301/home/103345257","MARIS","18084229","N","Y",38.8123786,-90.5076574,2018,1361
"MLS Listing",NA,"Single Family Residential","3602 Broad St","St Charles","MO",63301,296987,3,3,"Orchard Farm",1992,3228,NA,73,149,71,"Active","","","http://www.redfin.com/MO/St-Charles/3602-Broad-St-63301/home/146335557","MARIS","18084382","N","Y",38.8381,-90.5052,2018,1362
"MLS Listing",NA,"Single Family Residential","2 Rolling Meadows Ct","St Charles","MO",63303,289000,4,3,"Francis Howell North",2482,12197,1987,74,116,NA,"Active","","","http://www.redfin.com/MO/St-Charles/2-Rolling-Meadows-Ct-63303/home/103287395","MARIS","18077011","N","Y",38.7727675,-90.554112,2018,1363
"MLS Listing",NA,"Single Family Residential","44 Windcastle Dr","St Charles","MO",63304,979000,6,5,"Francis Howell",3714,29621,2003,76,264,NA,"Active","","","http://www.redfin.com/MO/St-Charles/44-Windcastle-Dr-63304/home/103309215","MARIS","18083038","N","Y",38.7111363,-90.6096479,2018,1364
"MLS Listing",NA,"Single Family Residential","3504 Brookside Crossing Dr","St Charles","MO",63301,259900,3,2,"Orchard Farm",1594,8712,NA,77,163,21,"Active","","","http://www.redfin.com/MO/Saint-Charles/3504-Brookside-Crossing-Dr-63301/home/147707732","MARIS","18083028","N","Y",38.8275097,-90.4803877,2018,1365
"MLS Listing",NA,"Single Family Residential","28 Burnside Ct","St Charles","MO",63303,524999,3,3,"Francis Howell North",2625,13068,2007,77,200,19,"Active","","","http://www.redfin.com/MO/St-Charles/28-Burnside-Ct-63303/home/103256212","MARIS","18083623","N","Y",38.7411607,-90.5443587,2018,1366
"MLS Listing",NA,"Single Family Residential","2340 Cabric Dr","St Charles","MO",63301,313508,3,2,"St. Charles",1746,8712,NA,77,180,27,"Active","","","http://www.redfin.com/MO/St-Charles/2340-Cabric-Dr-63301/home/147232248","MARIS","18077052","N","Y",38.804399,-90.485759,2018,1367
"MLS Listing",NA,"Single Family Residential","2 Kandahar Ct","St Charles","MO",63303,470990,4,4,"St. Charles West",3232,NA,NA,78,146,42,"Active","","","http://www.redfin.com/MO/St-Charles/2-Kandahar-Ct-63303/home/144759012","MARIS","18083457","N","Y",38.7827962,-90.5490277,2018,1368
"MLS Listing",NA,"Single Family Residential","3 Kandahar Ct","St Charles","MO",63303,435990,3,2,"St. Charles West",2356,NA,NA,78,185,42,"Active","","","http://www.redfin.com/MO/St-Charles/3-Kandahar-Ct-63303/home/144759029","MARIS","18083455","N","Y",38.7828437,-90.5490538,2018,1369
"MLS Listing",NA,"Single Family Residential","0 Ashton@provence","St Charles","MO",63301,299900,3,3,"St. Charles",2219,NA,NA,78,135,27,"Active","","","http://www.redfin.com/MO/St-Charles/0-Ashton-provence-63301/home/113662786","MARIS","18083366","N","Y",38.801441,-90.481659,2018,1370
"MLS Listing",NA,"Single Family Residential","1180 Gibraltar Point Dr","St Charles","MO",63304,259900,4,3,"Francis Howell Cntrl",1900,8712,1998,78,137,8,"Active","","","http://www.redfin.com/MO/St-Charles/1180-Gibraltar-Point-Dr-63304/home/62742294","MARIS","18083059","N","Y",38.7276433,-90.5943512,2018,1371
"MLS Listing",NA,"Single Family Residential","21 Macarthur Ct","St Charles","MO",63304,525000,5,5,"Francis Howell Cntrl",3137,12197,NA,78,167,21,"Active","","","http://www.redfin.com/MO/Unknown/21-MacArthur-Ct-63304/home/147665580","MARIS","18082727","N","Y",38.744637,-90.623263,2018,1372
"MLS Listing",NA,"Single Family Residential","0 Kennesaw@provence","St Charles","MO",63301,324900,3,3,"St. Charles",2353,NA,NA,81,138,27,"Active","","","http://www.redfin.com/MO/St-Charles/0-Kennesaw-provence-63301/home/113663225","MARIS","18082169","N","Y",38.801836,-90.482159,2018,1373
"MLS Listing",NA,"Single Family Residential","4124 Austin Bluff Ct","St Charles","MO",63304,759000,4,5,"Francis Howell",4797,22651,2001,83,158,NA,"Active","","","http://www.redfin.com/MO/St-Charles/4124-Austin-Bluff-Ct-63304/home/103330864","MARIS","18081489","N","Y",38.704806,-90.6149763,2018,1374
"MLS Listing",NA,"Single Family Residential","2913 Diekamp Farm Trl","St Charles","MO",63303,319900,4,3,"Francis Howell North",2346,8276,1990,83,136,23,"Active","January-6-2019 1:00 PM","January-6-2019 3:00 PM","http://www.redfin.com/MO/St-Charles/2913-Diekamp-Farm-Trl-63303/home/103287455","MARIS","18081591","N","Y",38.7649613,-90.5577517,2018,1375
"MLS Listing",NA,"Single Family Residential","3429 Banner St","St Charles","MO",63301,199900,2,3,"Orchard Farm",1224,3049,2008,85,163,77,"Active","","","http://www.redfin.com/MO/St-Charles/3429-Banner-St-63301/home/103256657","MARIS","18081639","N","Y",38.8319612,-90.4900389,2018,1376
"MLS Listing",NA,"Single Family Residential","3495 Brookwood Cir","St Charles","MO",63301,289900,4,3,"St. Charles West",2661,30056,1988,85,109,11,"Active","","","http://www.redfin.com/MO/St-Charles/3495-Brookwood-Cir-63301/home/91482130","MARIS","18081554","N","Y",38.8059198,-90.5620199,2018,1377
"MLS Listing",NA,"Single Family Residential","810 Emerald Place Dr","St Charles","MO",63304,279000,4,3,"Francis Howell Cntrl",2107,10454,1999,86,132,14,"Active","","","http://www.redfin.com/MO/St-Charles/810-Emerald-Pl-Dr-63304/home/62749566","MARIS","18081521","N","Y",38.7260065,-90.6558695,2018,1378
"MLS Listing",NA,"Single Family Residential","505 Ken Dr","St Charles","MO",63301,159000,3,2,"St. Charles",1036,7157,1970,89,153,NA,"Active","","","http://www.redfin.com/MO/St-Charles/505-Ken-Dr-63301/home/103338917","MARIS","18080882","N","Y",38.81219,-90.5087462,2018,1379
"MLS Listing",NA,"Vacant Land","555 Blanche Dr","Unincorporated","MO",63303,194900,NA,NA,"Francis Howell North",NA,87120,NA,90,NA,NA,"Active","","","http://www.redfin.com/MO/Saint-Charles/555-Blanche-Dr-63303/home/147424058","MARIS","18080497","N","Y",38.747589,-90.5240653,2018,1380
"MLS Listing",NA,"Vacant Land","521 Blanche Dr","Unincorporated","MO",63303,194900,NA,NA,"Francis Howell North",NA,87120,NA,90,NA,NA,"Active","","","http://www.redfin.com/MO/Saint-Charles/521-Blanche-Dr-63303/home/147424057","MARIS","18080494","N","Y",38.7484008,-90.5240749,2018,1381
"MLS Listing",NA,"Vacant Land","500 Blanche Dr","Unincorporated","MO",63303,204900,NA,NA,"Francis Howell North",NA,87120,NA,90,NA,NA,"Active","","","http://www.redfin.com/MO/St-Charles/500-Blanche-Dr-63303/home/69797945","MARIS","18080482","N","Y",38.748154,-90.525366,2018,1382
"MLS Listing",NA,"Single Family Residential","42 Windcastle Pl","St Charles","MO",63304,1275000,4,7,"Francis Howell",5155,34848,2003,91,247,29,"Active","","","http://www.redfin.com/MO/St-Charles/42-Windcastle-Pl-63304/home/103309213","MARIS","18079158","N","Y",38.710561,-90.6100919,2018,1383
"MLS Listing",NA,"Single Family Residential","1 Tbb - Denmark 1.5 At Provence","St Charles","MO",63301,314900,4,3,"St. Charles",2283,NA,NA,91,138,27,"Active","","","http://www.redfin.com/MO/St-Charles/1-Tbb-Denmark-1-5-At-Provence-63301/home/147404041","MARIS","18076812","N","Y",38.803033,-90.485799,2018,1384
"MLS Listing",NA,"Single Family Residential","1316 Dunbar Dr","St Charles","MO",63303,289900,4,3,"St. Charles West",2482,10890,1984,92,117,50,"Active","","","http://www.redfin.com/MO/St-Charles/1316-Dunbar-Dr-63303/home/103350463","MARIS","18079940","N","Y",38.7839472,-90.5456701,2018,1385
"MLS Listing",NA,"Single Family Residential","1008 Picardy Ln","St Charles","MO",63301,269900,4,3,"St. Charles",1904,15899,1975,97,142,NA,"Active","","","http://www.redfin.com/MO/St-Charles/1008-Picardy-Ln-63301/home/62729303","MARIS","18078557","N","Y",38.814844,-90.5024196,2018,1386
"MLS Listing",NA,"Single Family Residential","2768 Brook Hill Ln","St Charles","MO",63303,489000,4,3,"Francis Howell North",3192,11238,2017,97,153,50,"Active","","","http://www.redfin.com/MO/St-Charles/2768-Brook-Hill-Ln-63303/home/142980676","MARIS","18079035","N","Y",38.7639666,-90.5554768,2018,1387
"MLS Listing",NA,"Single Family Residential","1451 Mohican Trl","St Charles","MO",63304,159900,3,3,"Francis Howell Cntrl",1162,7710,1979,97,138,NA,"Active","","","http://www.redfin.com/MO/St-Charles/1451-Mohican-Trl-63304/home/103298323","MARIS","18078696","N","Y",38.7340434,-90.6122261,2018,1388
"MLS Listing",NA,"Single Family Residential","1432 Gettysburg Lndg","St Charles","MO",63303,500000,4,4,"Francis Howell North",4155,12371,2004,97,120,NA,"Active","","","http://www.redfin.com/MO/St-Charles/1432-Gettysburg-Lndg-63303/home/103295589","MARIS","18076941","N","Y",38.7483626,-90.55478,2018,1389
"MLS Listing",NA,"Single Family Residential","2344 De La Croix Ave","St Charles","MO",63301,521960,4,4,"St. Charles",3717,11326,NA,97,140,24,"Active","","","http://www.redfin.com/MO/St-Charles/2344-De-La-Croix-Ave-63301/home/143243475","MARIS","18078801","N","Y",38.8057099,-90.4844385,2018,1390
"MLS Listing",NA,"Single Family Residential","1642 Sundowner Dr","St Charles","MO",63303,192000,3,3,"St. Charles West",2026,9148,1980,100,95,NA,"Active","","","http://www.redfin.com/MO/St-Charles/1642-Sundowner-Dr-63303/home/95507807","MARIS","18077141","N","Y",38.775713,-90.548209,2018,1391
"MLS Listing",NA,"Single Family Residential","611 N Kingshighway","St Charles","MO",63301,299900,4,2,"St. Charles",1692,6708,1890,102,177,NA,"Active","","","http://www.redfin.com/MO/St-Charles/611-Kingshighway-63301/home/103348418","MARIS","18076504","N","Y",38.7892225,-90.4895593,2018,1392
"MLS Listing",NA,"Single Family Residential","228 Transit St","St Charles","MO",63301,90000,2,1,"St. Charles",868,8407,1950,103,104,NA,"Active","","","http://www.redfin.com/MO/St-Charles/228-Transit-St-63301/home/103347939","MARIS","18076448","N","Y",38.7989795,-90.4749079,2018,1393
"MLS Listing",NA,"Single Family Residential","23 Fern Dr","St Charles","MO",63304,160000,4,2,"Francis Howell Cntrl",832,11761,1972,103,192,NA,"Active","","","http://www.redfin.com/MO/St-Charles/23-Fern-Dr-63304/home/103305830","MARIS","18072933","N","Y",38.747474,-90.6120345,2018,1394
"MLS Listing",NA,"Vacant Land","51 Castle Lake Ct","St Charles","MO",63304,365000,NA,NA,"Francis Howell",NA,77755,NA,105,NA,29,"Active","","","http://www.redfin.com/MO/St-Charles/51-Castlelake-Ct-63304/home/96097346","MARIS","18076034","N","Y",38.7125709,-90.60772,2018,1395
"MLS Listing",NA,"Single Family Residential","1 Tbb-hamilton 1.5 At Provence","St Charles","MO",63301,322900,4,3,"St. Charles",2344,NA,NA,106,138,27,"Active","","","http://www.redfin.com/MO/St-Charles/1-Tbb-hamilton-1-5-At-Provence-63301/home/147807892","MARIS","18074915","N","Y",38.803033,-90.485799,2018,1396
"MLS Listing",NA,"Single Family Residential","1 Tbb Davinci 1.5 At Provence","St Charles","MO",63301,305900,4,3,"St. Charles",2283,NA,NA,106,134,27,"Active","","","http://www.redfin.com/MO/St-Charles/1-Tbb-Davinci-1-5-At-Provence-63301/home/147123182","MARIS","18075208","N","Y",38.803033,-90.485799,2018,1397
"MLS Listing",NA,"Single Family Residential","2305 Cabric Dr","St Charles","MO",63301,324992,3,2,"St. Charles",1785,7710,NA,106,182,27,"Active","","","http://www.redfin.com/MO/St-Charles/2305-Cabric-Dr-63301/home/145871425","MARIS","18073232","N","Y",38.804399,-90.485759,2018,1398
"MLS Listing",NA,"Single Family Residential","26 Macarthur Ct","St Charles","MO",63304,434900,3,2,"Francis Howell Cntrl",2293,9148,NA,107,190,21,"Active","","","http://www.redfin.com/MO/Unknown/26-MacArthur-Ct-63304/home/147114876","MARIS","18075083","N","Y",38.744316,-90.62287,2018,1399
"MLS Listing",NA,"Single Family Residential","1604 Tamarack","St Charles","MO",63301,229000,4,3,"Orchard Farm",1641,10977,1979,108,140,NA,"Active","","","http://www.redfin.com/MO/St-Charles/1604-Tamarack-Dr-63301/home/103322833","MARIS","18074974","N","Y",38.8191393,-90.4887109,2018,1400
"MLS Listing",NA,"Single Family Residential","46 Bunker","St Charles","MO",63303,330000,3,3,"Francis Howell North",1970,12676,NA,108,168,NA,"Active","","","http://www.redfin.com/MO/St-Charles/46-Bunker-Hl-63303/home/103307308","MARIS","18074506","N","Y",38.7425797,-90.542678,2018,1401
"MLS Listing",NA,"Condo/Co-op","3112 Wheeling Dr","St Charles","MO",63301,292900,3,3,"Orchard Farm",2396,9932,2007,111,122,150,"Active","","","http://www.redfin.com/MO/St-Charles/3112-Wheeling-Dr-63301/home/103254518","MARIS","18074420","N","Y",38.8238678,-90.492475,2018,1402
"MLS Listing",NA,"Single Family Residential","371 Woodmere Nook Ct","St Charles","MO",63303,437500,4,3,"Francis Howell North",2901,52708,1993,111,151,8,"Active","","","http://www.redfin.com/MO/St-Charles/371-Woodmere-Nook-Ct-63303/home/103301014","MARIS","18073851","N","Y",38.7256717,-90.5522455,2018,1403
"MLS Listing",NA,"Single Family Residential","711 N Fifth","St Charles","MO",63301,318000,4,3,"St. Charles",3000,6534,1905,112,106,NA,"Active","January-6-2019 1:00 PM","January-6-2019 3:00 PM","http://www.redfin.com/MO/St-Charles/711-N-Fifth-63301/home/147044204","MARIS","18074153","N","Y",38.788657,-90.483359,2018,1404
"MLS Listing",NA,"Single Family Residential","3590 Arpent","St Charles","MO",63301,321500,3,4,"Orchard Farm",1575,5663,2004,119,204,77,"Active","","","http://www.redfin.com/MO/St-Charles/3590-Arpent-St-63301/home/103248511","MARIS","18072512","N","Y",38.8359736,-90.4975058,2018,1405
"MLS Listing",NA,"Single Family Residential","1237 Talbridge Way","St Charles","MO",63303,465000,5,5,"Francis Howell North",3506,9148,2013,121,133,19,"Active","","","http://www.redfin.com/MO/St-Charles/1237-Talbridge-Way-63303/home/103258339","MARIS","18070756","N","Y",38.7683761,-90.5174571,2018,1406
"MLS Listing",NA,"Condo/Co-op","2610 Plantation Pt","St Charles","MO",63303,141000,3,3,"Francis Howell",1760,1873,1977,124,80,200,"Active","","","http://www.redfin.com/MO/St-Charles/2610-Plantation-Pt-63303/unit-B/home/103307665","MARIS","18070455","N","Y",38.748492,-90.54509,2018,1407
"MLS Listing",NA,"Condo/Co-op","1721 Forest Hls","St Charles","MO",63303,167500,2,3,"St. Charles",1112,1960,1986,125,151,205,"Active","","","http://www.redfin.com/MO/St-Charles/1721-Forest-Hills-Dr-63303/home/103350764","MARIS","18071164","N","Y",38.782099,-90.5293669,2018,1408
"MLS Listing",NA,"Single Family Residential","2313 Banon","St Charles","MO",63301,390000,4,3,"St. Charles",2754,NA,2017,125,142,24,"Active","","","http://www.redfin.com/MO/St-Charles/2313-Banon-Dr-63301/home/143243491","MARIS","18071035","N","Y",38.8031468,-90.4870244,2018,1409
"MLS Listing",NA,"Single Family Residential","515 Fortress Ct","St Charles","MO",63303,245000,4,3,"Francis Howell",2128,5663,2005,125,115,19,"Active","","","http://www.redfin.com/MO/St-Charles/515-Fortress-Ct-63303/home/103245304","MARIS","18071062","N","Y",38.7577141,-90.5150577,2018,1410
"MLS Listing",NA,"Single Family Residential","3994 W Canal St","St Charles","MO",63301,339710,3,3,"Orchard Farm",1998,4291,NA,127,170,77,"Active","","","http://www.redfin.com/MO/St-Charles/3994-W-Canal-St-63301/home/144883049","MARIS","18069721","N","Y",38.8381,-90.5052,2018,1411
"MLS Listing",NA,"Single Family Residential","1230 S Main St","St Charles","MO",63301,499000,2,4,"St. Charles",2632,3049,2003,129,190,475,"Active","","","http://www.redfin.com/MO/St-Charles/1230-S-Main-St-63301/unit-1D/home/103245264","MARIS","18070000","N","Y",38.7702625,-90.4874936,2018,1412
"MLS Listing",NA,"Single Family Residential","2357 De La Croix Ave","St Charles","MO",63301,484556,3,3,"St. Charles",2804,12998,NA,131,173,NA,"Active","","","http://www.redfin.com/MO/St-Charles/2357-De-La-Croix-Ave-63301/home/143243525","MARIS","18069596","N","Y",38.806506,-90.4858763,2018,1413
"MLS Listing",NA,"Single Family Residential","3205 S Civic Green Way","St Charles","MO",63301,174900,3,3,"Orchard Farm",1360,1307,2006,132,129,70,"Active","","","http://www.redfin.com/MO/St-Charles/3205-S-Civic-Green-Way-63301/home/103253136","MARIS","18067492","N","Y",38.833314,-90.494659,2018,1414
"MLS Listing",NA,"Condo/Co-op","28 Cedar Grv","St Charles","MO",63304,125000,2,2,"Francis Howell Cntrl",1084,566,1986,136,115,185,"Active","","","http://www.redfin.com/MO/St-Charles/28-Cedar-Grove-Ct-63304/unit-B/home/103297447","MARIS","18067051","N","Y",38.743495,-90.6018579,2018,1415
"MLS Listing",NA,"Single Family Residential","3341 Hempstead Pl","St Charles","MO",63301,220000,4,3,"Orchard Farm",1720,3049,2005,138,128,72,"Active","","","http://www.redfin.com/MO/St-Charles/3341-Hampstead-Pl-63301/home/103248469","MARIS","18066325","N","Y",38.8402169,-90.4964683,2018,1416
"MLS Listing",NA,"Single Family Residential","837 1st Capitol Dr","St Charles","MO",63301,399900,4,2,"St. Charles",4062,35893,1863,141,98,NA,"Active","","","http://www.redfin.com/MO/Saint-Charles/837-1st-Capitol-Dr-63301/home/146403559","MARIS","18065115","N","Y",38.7826218,-90.492766,2018,1417
"MLS Listing",NA,"Single Family Residential","3383 Riverchase Pkwy","St Charles","MO",63301,624900,4,5,"St. Charles",3336,42022,NA,147,187,17,"Active","","","http://www.redfin.com/MO/Saint-Charles/3383-Riverchase-Pkwy-63301/home/146527920","MARIS","18061729","N","Y",38.8040829,-90.5621096,2018,1418
"MLS Listing",NA,"Single Family Residential","1023 Washington St","St Charles","MO",63301,149900,2,2,"St. Charles",1035,8276,1900,147,145,NA,"Active","","","http://www.redfin.com/MO/St-Charles/1023-Washington-St-63301/home/100230179","MARIS","18064483","N","Y",38.7858974,-90.4929532,2018,1419
"MLS Listing",NA,"Vacant Land","65 Castle Bluff Dr","St Charles","MO",63304,225000,NA,NA,"Francis Howell",NA,102366,NA,149,NA,29,"Active","","","http://www.redfin.com/MO/St-Charles/65-Castlebluff-Dr-63304/home/103251588","MARIS","18063234","N","Y",38.706454,-90.604389,2018,1420
"MLS Listing",NA,"Condo/Co-op","1436 Heritage Lndg #204","St Charles","MO",63303,97900,2,2,"Francis Howell North",1124,549,1983,156,87,230,"Active","","","http://www.redfin.com/MO/St-Charles/1436-Heritage-Lndg-63303/unit-204/home/82923237","MARIS","18061958","N","Y",38.7521537,-90.5463905,2018,1421
"MLS Listing",NA,"Single Family Residential","31 Valley View Ct","St Charles","MO",63303,350000,4,3,"Francis Howell North",2352,43996,1983,161,149,8,"Active","","","http://www.redfin.com/MO/St-Charles/31-Valley-View-Ct-63303/home/103300479","MARIS","18060940","N","Y",38.7193726,-90.5627657,2018,1422
"MLS Listing",NA,"Single Family Residential","1513 Heritage Lndg","Unincorporated","MO",63303,279900,4,4,"Francis Howell North",2310,13416,1976,161,121,18,"Active","","","http://www.redfin.com/MO/St-Peters/1513-Heritage-Lndg-63303/home/79930564","MARIS","18051195","N","Y",38.749872,-90.549563,2018,1423
"MLS Listing",NA,"Single Family Residential","1217 Harvest Rdg","St Charles","MO",63303,235000,3,3,"Francis Howell North",1680,8276,1994,162,140,NA,"Active","","","http://www.redfin.com/MO/St-Charles/1217-Harvest-Ridge-Dr-63303/home/78188962","MARIS","18060645","N","Y",38.7528848,-90.5250992,2018,1424
"MLS Listing",NA,"Single Family Residential","368 Sturbridge Dr","St Charles","MO",63303,488000,3,3,"St. Charles",2748,11238,2017,162,178,29,"Active","","","http://www.redfin.com/MO/St-Charles/368-Sturbridge-Dr-63303/home/109608602","MARIS","18059885","N","Y",38.7574605,-90.5065005,2018,1425
"MLS Listing",NA,"Single Family Residential","723 S Main","St Charles","MO",63301,375000,3,2,"St. Charles",1846,5576,1895,164,203,NA,"Active","","","http://www.redfin.com/MO/Saint-Charles/723-S-Main-St-63301/home/146405103","MARIS","18059719","N","Y",38.7758767,-90.4843583,2018,1426
"MLS Listing",NA,"Single Family Residential","79 Muirfield Hill Pl","St Charles","MO",63304,360000,4,3,"Francis Howell",2906,13504,1992,168,124,40,"Active","","","http://www.redfin.com/MO/St-Charles/79-Muirfield-Hill-Pl-63304/home/103302011","MARIS","18057700","N","Y",38.715515,-90.6135805,2018,1427
"MLS Listing",NA,"Single Family Residential","5206 Gutermuth Rd","St Charles","MO",63304,380000,3,1,"Francis Howell",2422,85987,1910,169,157,NA,"Active","","","http://www.redfin.com/MO/St-Charles/5206-Gutermuth-Rd-63304/home/67773995","MARIS","18057664","N","Y",38.7410195,-90.652295,2018,1428
"MLS Listing",NA,"Single Family Residential","3560 Wheelhouse St","St Charles","MO",63301,204000,4,3,"Orchard Farm",1412,2178,2014,174,144,71,"Active","","","http://www.redfin.com/MO/St-Charles/3560-Wheelhouse-St-63301/home/103263782","MARIS","18055632","N","Y",38.8370819,-90.5005034,2018,1429
"MLS Listing",NA,"Single Family Residential","3477 New Town Lake Dr","St Charles","MO",63301,559900,5,4,"Orchard Farm",3668,5227,2008,191,153,77,"Active","","","http://www.redfin.com/MO/St-Charles/3477-New-Town-Lake-Dr-63301/home/103256614","MARIS","18051477","N","Y",38.8327361,-90.490334,2018,1430
"MLS Listing",NA,"Vacant Land","57 Castle Blf","St Charles","MO",63304,150000,NA,NA,"Francis Howell",NA,31799,NA,196,NA,25,"Active","","","http://www.redfin.com/MO/St-Charles/57-Castlebluff-Dr-63304/home/103251530","MARIS","18050318","N","Y",38.70965,-90.607342,2018,1431
"MLS Listing",NA,"Single Family Residential","0 Madison@provence","St Charles","MO",63301,288900,3,2,"St. Charles",1764,NA,NA,202,164,27,"Active","","","http://www.redfin.com/MO/St-Charles/0-Madison-provence-63301/home/113663469","MARIS","18048754","N","Y",38.801701,-90.482742,2018,1432
"MLS Listing",NA,"Single Family Residential","0 Bridgeport@provence","St Charles","MO",63301,351900,4,3,"St. Charles",3204,NA,NA,202,110,27,"Active","","","http://www.redfin.com/MO/St-Charles/0-Bridgeport-provence-63301/home/113663853","MARIS","18048732","N","Y",38.802009,-90.482301,2018,1433
"MLS Listing",NA,"Single Family Residential","0 Portsmouth@provence","St Charles","MO",63301,321900,4,3,"St. Charles",2490,NA,NA,202,129,27,"Active","","","http://www.redfin.com/MO/St-Charles/0-Portsmouth-provence-63301/home/113055653","MARIS","18048722","N","Y",38.802034,-90.48285,2018,1434
"MLS Listing",NA,"Single Family Residential","0 Rosemont@provence","St Charles","MO",63301,327900,4,3,"St. Charles",2461,NA,NA,202,133,27,"Active","","","http://www.redfin.com/MO/St-Charles/0-Rosemont-provence-63301/home/113055642","MARIS","18048717","N","Y",38.80184,-90.482406,2018,1435
"MLS Listing",NA,"Single Family Residential","1116 Madison","St Charles","MO",63301,299900,5,2,"St. Charles",2500,5489,1906,203,120,NA,"Active","January-6-2019 1:00 PM","January-6-2019 3:00 PM","http://www.redfin.com/MO/St-Charles/1116-Madison-St-63301/home/79930360","MARIS","18048466","N","Y",38.7851892,-90.4960892,2018,1436
"MLS Listing",NA,"Single Family Residential","3488 Millington Dr","St Charles","MO",63301,495000,4,4,"Orchard Farm",3170,3920,2014,232,156,77,"Active","January-6-2019 1:00 PM","January-6-2019 3:00 PM","http://www.redfin.com/MO/St-Charles/3488-Millington-Dr-63301/home/103264009","MARIS","18036416","N","Y",38.8338038,-90.4889691,2018,1437
"MLS Listing",NA,"Single Family Residential","1 Kandahar Ct","St Charles","MO",63303,464990,3,3,"St. Charles West",2853,NA,NA,253,163,42,"Active","","","http://www.redfin.com/MO/St-Charles/1-Kandahar-Ct-63303/home/145503958","MARIS","18031863","N","Y",38.7827962,-90.5490277,2018,1438
"MLS Listing",NA,"Single Family Residential","1 Tbb-aubrey At Provence","St Charles","MO",63301,252900,3,2,"St. Charles",1336,NA,NA,258,189,27,"Active","","","http://www.redfin.com/MO/St-Charles/1-Tbb-aubrey-At-Provence-63301/home/145383841","MARIS","18028778","N","Y",38.803033,-90.485799,2018,1439
"MLS Listing",NA,"Single Family Residential","0 Sierra@provence","St Charles","MO",63301,317900,3,2,"St. Charles",2240,NA,NA,258,142,27,"Active","","","http://www.redfin.com/MO/St-Charles/0-Sierra-provence-63301/home/145381574","MARIS","18031634","N","Y",38.805149,-90.485582,2018,1440
"MLS Listing",NA,"Ranch","0 Grafton Ferry Rd","Unincorporated","MO",63301,850500,0,NA,"St. Charles",NA,3528360,NA,261,NA,NA,"Active","","","http://www.redfin.com/MO/Unincorporated/0-Grafton-Ferry-Rd-63301/home/145335966","MARIS","18029578","N","Y",38.939781,-90.435788,2018,1441
"MLS Listing",NA,"Single Family Residential","2935 Kandahar Dr","St Charles","MO",63303,549990,3,3,"St. Charles West",2981,19254,NA,263,184,42,"Active","","","http://www.redfin.com/MO/St-Charles/2935-Kandahar-Dr-63303/home/145326363","MARIS","18028988","N","Y",38.78318,-90.54857,2018,1442
"MLS Listing",NA,"Multi-Family (2-4 Unit)","715 N 5th","St Charles","MO",63301,318000,NA,NA,"St. Charles",3000,6534,1905,268,106,NA,"Active","","","http://www.redfin.com/MO/Saint-Charles/715-N-5th-St-63301/home/145299411","MARIS","18027554","N","Y",38.7887684,-90.4833363,2018,1443
"MLS Listing",NA,"Single Family Residential","2349 Chemin Ave","St Charles","MO",63301,325000,3,2,"St. Charles",1734,9148,NA,281,187,27,"Active","","","http://www.redfin.com/MO/St-Charles/2349-Chemin-Ave-63301/home/143243509","MARIS","18020983","N","Y",38.804858,-90.4862797,2018,1444
"MLS Listing",NA,"Single Family Residential","0 Rochester - Bristol Rdg","St Charles","MO",63303,290990,3,2,"Francis Howell North",1840,NA,NA,281,158,10,"Active","","","http://www.redfin.com/MO/St-Charles/0-Rochester-Bristol-Rdg-63303/home/145243235","MARIS","18023331","N","Y",38.762006,-90.516812,2018,1445
"MLS Listing",NA,"Single Family Residential","0 Hartford - Bristol Rdg","St Charles","MO",63303,312990,4,3,"Francis Howell North",2620,NA,NA,281,119,10,"Active","","","http://www.redfin.com/MO/St-Charles/0-Hartford-Bristol-Rdg-63303/home/145243137","MARIS","18023319","N","Y",38.762006,-90.516812,2018,1446
"MLS Listing",NA,"Single Family Residential","0 Essex - Bristol Rdg","St Charles","MO",63303,287990,3,3,"Francis Howell North",1917,NA,NA,281,150,10,"Active","","","http://www.redfin.com/MO/St-Charles/0-Essex-Bristol-Rdg-63303/home/145242975","MARIS","18023315","N","Y",38.762006,-90.516812,2018,1447
"MLS Listing",NA,"Ranch","0 Tower Line Rd","St Charles","MO",63301,556500,0,NA,"St. Charles",NA,NA,NA,281,NA,NA,"Active","","","http://www.redfin.com/MO/Saint-Charles/Tower-Line-Rd-63301/home/145241232","MARIS","18016305","N","Y",38.860757,-90.428193,2018,1448
"MLS Listing",NA,"Single Family Residential","302 Jefferson St","St Charles","MO",63301,579900,4,3,"St. Charles",4224,10585,1895,290,137,NA,"Active","","","http://www.redfin.com/MO/Saint-Charles/302-Jefferson-St-63301/home/109004594","MARIS","18020867","N","Y",38.7821355,-90.4838474,2018,1449
"MLS Listing",NA,"Single Family Residential","1 Tbb - Fairfax @ Provence","St Charles","MO",63301,282900,3,3,"St. Charles",2113,NA,NA,311,134,100,"Active","","","http://www.redfin.com/MO/St-Charles/1-Tbb-Fairfax-Provence-63301/home/144927680","MARIS","18005966","N","Y",38.801161,-90.488192,2018,1450
"MLS Listing",NA,"Vacant Land","216 Friedens","St Charles","MO",63303,289900,NA,NA,"Francis Howell North",NA,60113,NA,318,NA,NA,"Active","","","http://www.redfin.com/MO/St-Charles/216-Friedens-Rd-63303/home/103328618","MARIS","18010439","N","Y",38.7562839,-90.5053878,2018,1451
"MLS Listing",NA,"Single Family Residential","0 Rockport - Bristol Rdg","St Charles","MO",63303,277990,3,2,"Francis Howell North",1556,NA,NA,321,179,10,"Active","","","http://www.redfin.com/MO/St-Charles/0-Rockport-Bristol-Rdg-63303/home/144883714","MARIS","18009302","N","Y",38.762006,-90.516812,2018,1452
"MLS Listing",NA,"Single Family Residential","0 Barkley - Bristol Rdg","St Charles","MO",63303,296990,3,3,"Francis Howell North",2237,NA,NA,321,133,10,"Active","","","http://www.redfin.com/MO/St-Charles/0-Barkley-Bristol-Rdg-63303/home/144883706","MARIS","18009347","N","Y",38.762006,-90.516812,2018,1453
"MLS Listing",NA,"Single Family Residential","0 Westbrook - Bristol Rdg","St Charles","MO",63303,287990,3,2,"Francis Howell North",1612,NA,NA,321,179,10,"Active","","","http://www.redfin.com/MO/St-Charles/0-Westbrook-Bristol-Rdg-63303/home/144883705","MARIS","18009321","N","Y",38.762006,-90.516812,2018,1454
"MLS Listing",NA,"Single Family Residential","1032 Bellevaux Pl","St Charles","MO",63301,624900,4,4,"St. Charles",3336,15682,NA,325,187,17,"Active","","","http://www.redfin.com/MO/St-Charles/1032-Bellevaux-Pl-63301/home/144864502","MARIS","18006560","N","Y",38.816361,-90.502748,2018,1455
"MLS Listing",NA,"Single Family Residential","0 Lancaster@provence","St Charles","MO",63301,327900,4,3,"St. Charles",2892,NA,NA,491,113,27,"Active","","","http://www.redfin.com/MO/St-Charles/0-Lancaster-provence-63301/home/113055662","MARIS","17070070","N","Y",38.802163,-90.483087,2018,1456
"MLS Listing",NA,"Vacant Land","66 Castle Bluff Dr","St Charles","MO",63304,229000,NA,NA,"Francis Howell",NA,149541,NA,498,NA,29,"Active","","","http://www.redfin.com/MO/St-Charles/66-Castlebluff-Dr-63304/home/103251587","MARIS","17067588","N","Y",38.706822,-90.603294,2018,1457
"MLS Listing",NA,"Single Family Residential","0 Windsor@provence","St Charles","MO",63301,344900,4,3,"St. Charles",3215,NA,NA,582,107,27,"Active","","","http://www.redfin.com/MO/St-Charles/0-Windsor-provence-63301/home/113058908","MARIS","17044207","N","Y",38.801606,-90.482336,2018,1458
"MLS Listing",NA,"Single Family Residential","1 Tbb-fairfax At Provence","St Charles","MO",63301,305900,4,3,"St. Charles",2480,NA,NA,612,123,27,"Active","","","http://www.redfin.com/MO/St-Charles/1-Tbb-fairfax-At-Provence-63301/home/113848308","MARIS","17033405","N","Y",38.800392,-90.486588,2018,1459
"MLS Listing",NA,"Single Family Residential","1 Tbb - Denmark At Provence","St Charles","MO",63301,281900,3,2,"St. Charles",1746,NA,NA,612,161,27,"Active","","","http://www.redfin.com/MO/St-Charles/1-Tbb-Denmark-At-Provence-63301/home/113848306","MARIS","17033190","N","Y",38.800392,-90.486588,2018,1460
"MLS Listing",NA,"Single Family Residential","1 Tbb-ashton @ Provence","St Charles","MO",63301,295900,3,2,"St. Charles",1785,NA,NA,834,166,27,"Active","","","http://www.redfin.com/MO/Saint-Charles/1-Tbb-ashton-Provence-63301/home/109055372","MARIS","16054889","N","Y",38.800392,-90.486588,2018,1461
"MLS Listing",NA,"Single Family Residential","1 Tbb - Highland @ Provence","St Charles","MO",63301,247900,2,2,"St. Charles",1492,NA,NA,834,166,100,"Active","","","http://www.redfin.com/MO/St-Charles/1-Tbb-Highland-Provence-63301/home/144635096","MARIS","16066786","N","Y",38.801161,-90.488192,2018,1462
"MLS Listing",NA,"Single Family Residential","1 Tbb - Ashland @ Provence","St Charles","MO",63301,239900,2,2,"St. Charles",1347,NA,NA,834,178,100,"Active","","","http://www.redfin.com/MO/St-Charles/1-Tbb-Ashland-Provence-63301/home/102189646","MARIS","16066779","N","Y",38.801161,-90.488192,2018,1463
"MLS Listing",NA,"Ranch","4410 Greensbottom Rd","St Charles","MO",63304,825000,1,1,"Francis Howell",NA,3578890,1950,1013,NA,NA,"Active","","","http://www.redfin.com/MO/Saint-Charles/4410-Greens-Bottom-Rd-63304/home/104268482","MARIS","16019351","N","Y",38.7046408,-90.6058108,2018,1464
"MLS Listing",NA,"Single Family Residential","1 Tbb Breckenridge At Provence","St Charles","MO",63301,337900,4,3,"St. Charles",3186,NA,NA,1154,106,27,"Active","","","http://www.redfin.com/MO/St-Charles/1-Tbb-Breckenridge-At-Provence-63301/home/101814712","MARIS","15058754","N","Y",38.800392,-90.486588,2018,1465
"MLS Listing",NA,"Single Family Residential","1 Tbb-bristol At Provence","St Charles","MO",63301,319900,4,3,"St. Charles",2754,NA,NA,1154,116,27,"Active","","","http://www.redfin.com/MO/St-Charles/1-Tbb-bristol-At-Provence-63301/home/101814711","MARIS","15058752","N","Y",38.800392,-90.486588,2018,1466
"MLS Listing",NA,"Single Family Residential","1 Tbb-montego At Provence","St Charles","MO",63301,329900,4,3,"St. Charles",2691,NA,NA,1154,123,27,"Active","","","http://www.redfin.com/MO/St-Charles/1-Tbb-montego-At-Provence-63301/home/101814709","MARIS","15058750","N","Y",38.800392,-90.486588,2018,1467
"MLS Listing",NA,"Single Family Residential","1 Tbb Geneva At Provence","St Charles","MO",63301,278900,3,2,"St. Charles",1627,NA,NA,1154,171,27,"Active","","","http://www.redfin.com/MO/St-Charles/1-Tbb-Geneva-At-Provence-63301/home/101814706","MARIS","15058747","N","Y",38.800392,-90.486588,2018,1468
"MLS Listing",NA,"Single Family Residential","1 Tbb-franklin At Provence","St Charles","MO",63301,289900,4,3,"St. Charles",2480,NA,NA,1154,117,27,"Active","","","http://www.redfin.com/MO/St-Charles/1-Tbb-franklin-At-Provence-63301/home/101814705","MARIS","15058743","N","Y",38.800392,-90.486588,2018,1469
"MLS Listing",NA,"Single Family Residential","1 Tbb-hamilton At Provence","St Charles","MO",63301,276900,3,2,"St. Charles",1758,NA,NA,1154,158,27,"Active","","","http://www.redfin.com/MO/Saint-Charles/300-1st-Capitol-Dr-63301/home/147123206","MARIS","15058739","N","Y",38.780599,-90.483787,2018,1470
"MLS Listing",NA,"Single Family Residential","1 Tbb Davinci At Provence","St Charles","MO",63301,269900,3,2,"St. Charles",1746,NA,NA,1154,155,27,"Active","","","http://www.redfin.com/MO/St-Charles/1-Tbb-Davinci-At-Provence-63301/home/101814700","MARIS","15058738","N","Y",38.800392,-90.486588,2018,1471
"MLS Listing",NA,"Single Family Residential","1 Tbb-sinclair At Provence","St Charles","MO",63301,262900,3,2,"St. Charles",1615,NA,NA,1154,163,27,"Active","","","http://www.redfin.com/MO/St-Charles/1-Tbb-sinclair-At-Provence-63301/home/101814699","MARIS","15058737","N","Y",38.800392,-90.486588,2018,1472
"MLS Listing",NA,"Ranch","2250 S Old Highway 94","St Charles","MO",63303,2462229,0,NA,"Francis Howell Cntrl",NA,259182,NA,1266,NA,NA,"Active","","","http://www.redfin.com/MO/St-Charles/2250-S-Old-Hwy-94-63303/home/88687326","MARIS","80064971","N","Y",38.760171,-90.538318,2018,1473
"For-Sale-by-Owner Listing",NA,"Single Family Residential","24 Ridge Mt Ct","St Charles","MO",63303,369000,4,3,"Saint Charles",2625,9583,1992,14,141,NA,"Active","","","http://www.redfin.com/MO/St-Charles/24-Ridge-Mt-Ct-63303/home/103306783","Fizber.com","4993096","N","Y",38.7423734,-90.5341462,2018,1474
"For-Sale-by-Owner Listing",NA,"Single Family Residential","1823 Florine Ct","St Charles","MO",63303,255000,3,3,"Saint Charles",1082,5662,1995,35,236,NA,"Active","","","http://www.redfin.com/MO/St-Charles/1823-Florine-Ct-63303/home/103294529","Fizber.com","4989869","N","Y",38.7615192,-90.5429122,2018,1475
"For-Sale-by-Owner Listing",NA,"Single Family Residential","3531 Ridgewood Dr","St Charles","MO",63303,197500,3,3,"Saint Charles",1064,3905,1972,69,186,NA,"Active","","","http://www.redfin.com/MO/St-Charles/3531-Ridgewood-Dr-63303/home/103300301","Fizber.com","4985462","N","Y",38.7322962,-90.5718699,2018,1476
"For-Sale-by-Owner Listing",NA,"Single Family Residential","7 Newcastle Ct","St Charles","MO",63301,350000,5,3,"Saint Charles",2318,11325,1986,141,151,NA,"Active","","","http://www.redfin.com/MO/St-Charles/7-Newcastle-Ct-63301/home/103328142","Fizber.com","4975662","N","Y",38.8005311,-90.530084,2018,1477
"For-Sale-by-Owner Listing",NA,"Single Family Residential","2561 Abbydale Dr","St Charles","MO",63303,239000,3,3,"Saint Charles",1477,7405,1993,162,162,NA,"Active","","","http://www.redfin.com/MO/St-Charles/2561-Abbydale-Dr-63303/home/103327029","Fizber.com","4972753","N","Y",38.7811484,-90.5626851,2018,1478
"For-Sale-by-Owner Listing",NA,"Single Family Residential","202 Perry St","St Charles","MO",63301,289900,2,2,"Saint Charles",1400,7320,1930,166,207,NA,"Active","","","http://www.redfin.com/MO/St-Charles/202-Perry-St-63301/home/103350619","Fizber.com","4972132","N","Y",38.7770286,-90.4850868,2018,1479
"For-Sale-by-Owner Listing",NA,"Single Family Residential","3473 Harbor Crossing Dr","St Charles","MO",63301,289000,4,2.5,"Saint Charles",2126,6704,2017,189,136,NA,"Active","","","http://www.redfin.com/MO/St-Charles/3473-Harbor-Crossing-Dr-63301/home/146120356","Fizber.com","4968803","N","Y",38.8285869,-90.4830502,2018,1480
"For-Sale-by-Owner Listing",NA,"Single Family Residential","1440 Santa Margarita St","Saint Charles","MO",63303,29000,2,1,"Saint Charles",980,NA,2001,250,30,NA,"Active","","","http://www.redfin.com/MO/Saint-Charles/1440-Santa-Margarita-St-63303/home/145532361","Fizber.com","4960429","N","Y",38.7637261,-90.5353647,2018,1481
"For-Sale-by-Owner Listing",NA,"Condo/Co-op","1400 Heritage Lndg Apt 101","Saint Charles","MO",63303,108000,3,2,"Saint Charles",1390,NA,1987,252,78,NA,"Active","","","http://www.redfin.com/MO/Saint-Charles/1400-Heritage-Lndg-63303/unit-101/home/145506459","Fizber.com","4960229","N","Y",38.7526336,-90.5511929,2018,1482
"For-Sale-by-Owner Listing",NA,"Single Family Residential","1608 Waterford Ln","St Charles","MO",63303,279900,3,3,"Saint Charles",1884,15245,1982,257,149,NA,"Active","","","http://www.redfin.com/MO/St-Charles/1608-Waterford-Ln-63303/home/103326782","Fizber.com","4959614","N","Y",38.780468,-90.5510084,2018,1483
"For-Sale-by-Owner Listing",NA,"Single Family Residential","206 Perry St","St Charles","MO",63301,187900,2,1,"Saint Charles",936,6000,1930,316,201,NA,"Active","","","http://www.redfin.com/MO/St-Charles/206-Perry-St-63301/home/103350613","Fizber.com","4951152","N","Y",38.7771396,-90.485428,2018,1484
"New Construction Home",NA,"Single Family Residential","2344 Cabric Dr Unit St. Charles, Mo","Saint Charles","MO",63301,335307,4,3.5,"Provence, The Villages of",2480,NA,2018,21,135,NA,"Active","","","http://www.redfin.com/MO/St-Charles/2344-Cabric-Dr-63301/unit-St-Charles-Mo/home/148472631","NewHomeSource.com","1558926","N","Y",38.803755,-90.488636,2018,1485
"New Construction Home",NA,"Single Family Residential","3560 Broad St","Saint Charles","MO",63301,269900,3,2.5,"New Town",NA,NA,2018,111,NA,NA,"Active","","","http://www.redfin.com/MO/St-Charles/3560-Broad-St-63301/home/147052560","NewHomeSource.com","1515235","N","Y",38.8381,-90.5052,2018,1486
"New Construction Home",NA,"Single Family Residential","3606 Broad St","Saint Charles","MO",63301,279900,3,2.5,"New Town",NA,NA,2018,111,NA,NA,"Active","","","http://www.redfin.com/MO/St-Charles/3606-Broad-St-63301/home/147052559","NewHomeSource.com","1515236","N","Y",38.838118,-90.503714,2018,1487
"New Construction Home",NA,"Single Family Residential","3610 Broad St","Saint Charles","MO",63301,269900,3,2.5,"New Town",NA,NA,2018,111,NA,NA,"Active","","","http://www.redfin.com/MO/St-Charles/3610-Broad-St-63301/home/147052558","NewHomeSource.com","1515237","N","Y",38.838071,-90.503481,2018,1488
"New Construction Home",NA,"Single Family Residential","3418 Broad St","Saint Charles","MO",63301,289900,3,2.5,"New Town",NA,NA,2018,111,NA,NA,"Active","","","http://www.redfin.com/MO/St-Charles/3418-Broad-St-63301/home/147052557","NewHomeSource.com","1515238","N","Y",38.838681,-90.505519,2018,1489
"New Construction Home",NA,"Single Family Residential","3425 Broad St","Saint Charles","MO",63301,319900,4,2.5,"New Town",NA,NA,2018,167,NA,NA,"Active","","","http://www.redfin.com/MO/St-Charles/3425-Broad-St-63301/home/146335556","NewHomeSource.com","1477937","N","Y",38.8381,-90.5052,2018,1490
"New Construction Plan",NA,"Single Family Residential","Royal II","Saint Charles","MO",63301,240900,4,2.5,"Manors at Charlestowne Place",NA,NA,NA,NA,NA,NA,"Active","","","http://www.redfin.com/MO/Saint-Charles/Manors-at-Charlestowne-Place/Royal-II/home/147730158","NewHomeSource.com","Plan-71562426","N","Y",38.8329442,-90.4700212,2018,1491
"New Construction Plan",NA,"Single Family Residential","The Denver - 3 Car Garage","Saint Charles","MO",63301,289900,4,2,"Charlestowne Place",1948,NA,NA,NA,149,NA,"Active","","","http://www.redfin.com/MO/Saint-Charles/Charlestowne-Place/The-Denver-3-Car-Garage/home/144901408","NewHomeSource.com","Plan-71556616","N","Y",38.827639,-90.48084,2018,1492
"New Construction Plan",NA,"Single Family Residential","McKelvey Homes LaSalle Plan","Saint Charles","MO",63301,430000,3,2,"The Villages at Sandfort Farm",2804,NA,NA,NA,153,NA,"Active","","","http://www.redfin.com/MO/Saint-Charles/The-Villages-at-Sandfort-Farm/McKelvey-Homes-LaSalle-Plan/home/147952310","NewHomeSource.com","Plan-71564806","N","Y",38.7980405,-90.5517474,2018,1493
"New Construction Plan",NA,"Single Family Residential","Sterling","Saint Charles","MO",63301,235900,4,2.5,"Manors at Charlestowne Place",NA,NA,NA,NA,NA,NA,"Active","","","http://www.redfin.com/MO/Saint-Charles/Manors-at-Charlestowne-Place/Sterling/home/147730159","NewHomeSource.com","Plan-71562425","N","Y",38.8329442,-90.4700212,2018,1494
"New Construction Plan",NA,"Single Family Residential","The Coventry - 3 Car Garage","Saint Charles","MO",63301,284900,3,2,"Charlestowne Place",1948,NA,NA,NA,146,NA,"Active","","","http://www.redfin.com/MO/Saint-Charles/Charlestowne-Place/The-Coventry-3-Car-Garage/home/144901409","NewHomeSource.com","Plan-71556615","N","Y",38.827639,-90.48084,2018,1495
"New Construction Plan",NA,"Single Family Residential","The Rochester","Saint Charles","MO",63303,290990,3,2,"Bristol Ridge",1840,NA,NA,NA,158,NA,"Active","","","http://www.redfin.com/MO/Saint-Charles/Bristol-Ridge/The-Rochester/home/144672530","NewHomeSource.com","Plan-71464074","N","Y",38.7612348,-90.5160179,2018,1496
"New Construction Plan",NA,"Single Family Residential","Berwick","Saint Charles","MO",63301,230900,3,2.5,"Manors at Charlestowne Place",NA,NA,NA,NA,NA,NA,"Active","","","http://www.redfin.com/MO/Saint-Charles/Manors-at-Charlestowne-Place/Berwick/home/147730160","NewHomeSource.com","Plan-71562424","N","Y",38.8329442,-90.4700212,2018,1497
"New Construction Plan",NA,"Single Family Residential","The Durango - 3 Car Garage","Saint Charles","MO",63301,271900,3,2,"Charlestowne Place",1740,NA,NA,NA,156,NA,"Active","","","http://www.redfin.com/MO/Saint-Charles/Charlestowne-Place/The-Durango-3-Car-Garage/home/144901403","NewHomeSource.com","Plan-71556614","N","Y",38.827639,-90.48084,2018,1498
"New Construction Plan",NA,"Single Family Residential","The Sienna","Saint Charles","MO",63303,305990,3,2.5,"Bristol Ridge",2230,NA,NA,NA,137,NA,"Active","","","http://www.redfin.com/MO/Saint-Charles/Bristol-Ridge/The-Sienna/home/144672531","NewHomeSource.com","Plan-71464073","N","Y",38.7612348,-90.5160179,2018,1499
"New Construction Plan",NA,"Single Family Residential","The Montgomery (2 Story)","Saint Charles","MO",63301,288500,2,1.5,"The Montgomery",1458,NA,NA,NA,198,NA,"Active","","","http://www.redfin.com/MO/Saint-Charles/The-Montgomery/The-Montgomery-2-Story/home/108851017","NewHomeSource.com","Plan-71072633","N","Y",38.7881062,-90.4974359,2018,1500
"New Construction Plan",NA,"Single Family Residential","Maple","Saint Charles","MO",63301,240900,3,2,"Manors at Charlestowne Place",NA,NA,NA,NA,NA,NA,"Active","","","http://www.redfin.com/MO/Saint-Charles/Manors-at-Charlestowne-Place/Maple/home/147730161","NewHomeSource.com","Plan-71562423","N","Y",38.8329442,-90.4700212,2018,1501
"New Construction Plan",NA,"Single Family Residential","The Savoy II - 3 Car Garage","Saint Charles","MO",63301,307900,4,2.5,"Charlestowne Place",2492,NA,NA,NA,124,NA,"Active","","","http://www.redfin.com/MO/Saint-Charles/Charlestowne-Place/The-Savoy-II-3-Car-Garage/home/144901404","NewHomeSource.com","Plan-71556613","N","Y",38.827639,-90.48084,2018,1502
"New Construction Plan",NA,"Single Family Residential","The Westbrook","Saint Charles","MO",63303,287990,3,2,"Bristol Ridge",1612,NA,NA,NA,179,NA,"Active","","","http://www.redfin.com/MO/Saint-Charles/Bristol-Ridge/The-Westbrook/home/144672532","NewHomeSource.com","Plan-71464072","N","Y",38.7612348,-90.5160179,2018,1503
"New Construction Plan",NA,"Single Family Residential","The Montgomery - 1152","Saint Charles","MO",63301,207800,2,1.5,"The Montgomery",1152,NA,NA,NA,180,NA,"Active","","","http://www.redfin.com/MO/Saint-Charles/The-Montgomery/The-Montgomery-1152/home/108851018","NewHomeSource.com","Plan-71072632","N","Y",38.7881062,-90.4974359,2018,1504
"New Construction Plan",NA,"Single Family Residential","Aspen II","Saint Charles","MO",63301,231900,3,2,"Manors at Charlestowne Place",NA,NA,NA,NA,NA,NA,"Active","","","http://www.redfin.com/MO/Saint-Charles/Manors-at-Charlestowne-Place/Aspen-II/home/147730162","NewHomeSource.com","Plan-71562422","N","Y",38.8329442,-90.4700212,2018,1505
"New Construction Plan",NA,"Single Family Residential","The San Diego - 3 Car Garage","Saint Charles","MO",63301,314900,4,2.5,"Charlestowne Place",2330,NA,NA,NA,135,NA,"Active","","","http://www.redfin.com/MO/Saint-Charles/Charlestowne-Place/The-San-Diego-3-Car-Garage/home/144901405","NewHomeSource.com","Plan-71556612","N","Y",38.827639,-90.48084,2018,1506
"New Construction Plan",NA,"Single Family Residential","The Montgomery - 1058","Saint Charles","MO",63301,199500,1,1,"The Montgomery",1058,NA,NA,NA,189,NA,"Active","","","http://www.redfin.com/MO/Saint-Charles/The-Montgomery/The-Montgomery-1058/home/108851019","NewHomeSource.com","Plan-71072631","N","Y",38.7881062,-90.4974359,2018,1507
"New Construction Plan",NA,"Single Family Residential","Oakmont","Saint Charles","MO",63303,231604,3,2,"Talbridge",NA,NA,NA,NA,NA,NA,"Active","","","http://www.redfin.com/MO/Saint-Charles/Talbridge/Oakmont/home/108851015","NewHomeSource.com","Plan-70822031","N","Y",38.7602188,-90.5093707,2018,1508
"New Construction Plan",NA,"Single Family Residential","Carlyle","Saint Charles","MO",63301,369700,4,2.5,"The Villages of Provence",3056,NA,NA,NA,121,NA,"Active","","","http://www.redfin.com/MO/Saint-Charles/The-Villages-of-Provence/Carlyle/home/145558444","NewHomeSource.com","Plan-71501381","N","Y",38.8032619,-90.4838149,2018,1509
"New Construction Plan",NA,"Single Family Residential","The Westhampton II - 3 Car Garage","Saint Charles","MO",63301,349900,4,2.5,"Charlestowne Place",3056,NA,NA,NA,114,NA,"Active","","","http://www.redfin.com/MO/Saint-Charles/Charlestowne-Place/The-Westhampton-II-3-Car-Garage/home/144901406","NewHomeSource.com","Plan-71556611","N","Y",38.827639,-90.48084,2018,1510
"New Construction Plan",NA,"Single Family Residential","Payne Family Homes Ashton Plan","Saint Charles","MO",63301,309900,3,2,"The Villages at Sandfort Farm",1785,NA,NA,NA,174,NA,"Active","","","http://www.redfin.com/MO/Saint-Charles/The-Villages-at-Sandfort-Farm/Payne-Family-Homes-Ashton-Plan/home/147952294","NewHomeSource.com","Plan-71564871","N","Y",38.7980405,-90.5517474,2018,1511
"New Construction Plan",NA,"Single Family Residential","The Rockport","Saint Charles","MO",63303,277990,3,2,"Bristol Ridge",1556,NA,NA,NA,179,NA,"Active","","","http://www.redfin.com/MO/Saint-Charles/Bristol-Ridge/The-Rockport/home/144672534","NewHomeSource.com","Plan-71464070","N","Y",38.7612348,-90.5160179,2018,1512
"New Construction Plan",NA,"Single Family Residential","Aspen","Saint Charles","MO",63301,215900,3,2,"Manors at Charlestowne Place",NA,NA,NA,NA,NA,NA,"Active","","","http://www.redfin.com/MO/Saint-Charles/Manors-at-Charlestowne-Place/Aspen/home/147730163","NewHomeSource.com","Plan-71562420","N","Y",38.8329442,-90.4700212,2018,1513
"New Construction Plan",NA,"Single Family Residential","The Rebecca - 3 Car Garage","Saint Charles","MO",63301,270900,3,2,"Charlestowne Place",1714,NA,NA,NA,158,NA,"Active","","","http://www.redfin.com/MO/Saint-Charles/Charlestowne-Place/The-Rebecca-3-Car-Garage/home/144901410","NewHomeSource.com","Plan-71556610","N","Y",38.827639,-90.48084,2018,1514
"New Construction Plan",NA,"Single Family Residential","The Devonshire","Saint Charles","MO",63303,289990,3,2,"Bristol Ridge",1690,NA,NA,NA,172,NA,"Active","","","http://www.redfin.com/MO/Saint-Charles/Bristol-Ridge/The-Devonshire/home/144672535","NewHomeSource.com","Plan-71464069","N","Y",38.7612348,-90.5160179,2018,1515
"New Construction Plan",NA,"Single Family Residential","The Montgomery - 988","Saint Charles","MO",63301,179500,1,1,"The Montgomery",988,NA,NA,NA,182,NA,"Active","","","http://www.redfin.com/MO/Saint-Charles/The-Montgomery/The-Montgomery-988/home/108851020","NewHomeSource.com","Plan-71072629","N","Y",38.7881062,-90.4974359,2018,1516
"New Construction Plan",NA,"Single Family Residential","The Preston - 3 Car Garage","Saint Charles","MO",63301,259900,3,2,"Charlestowne Place",1594,NA,NA,NA,163,NA,"Active","","","http://www.redfin.com/MO/Saint-Charles/Charlestowne-Place/The-Preston-3-Car-Garage/home/144901411","NewHomeSource.com","Plan-71556609","N","Y",38.827639,-90.48084,2018,1517
"New Construction Plan",NA,"Single Family Residential","The Barkley","Saint Charles","MO",63303,296990,3,2.5,"Bristol Ridge",2237,NA,NA,NA,133,NA,"Active","","","http://www.redfin.com/MO/Saint-Charles/Bristol-Ridge/The-Barkley/home/144672536","NewHomeSource.com","Plan-71464068","N","Y",38.7612348,-90.5160179,2018,1518
"New Construction Plan",NA,"Single Family Residential","The Montgomery - 1120","Saint Charles","MO",63301,204800,1,1.5,"The Montgomery",1120,NA,NA,NA,183,NA,"Active","","","http://www.redfin.com/MO/Saint-Charles/The-Montgomery/The-Montgomery-1120/home/108851021","NewHomeSource.com","Plan-71072628","N","Y",38.7881062,-90.4974359,2018,1519
"New Construction Plan",NA,"Single Family Residential","The Harbor","Saint Charles","MO",63304,522990,4,2.5,"Bluffs at Windcastle",3328,NA,NA,NA,157,NA,"Active","","","http://www.redfin.com/MO/Weldon-Spring/Bluffs-at-Windcastle/The-Harbor/home/148205301","NewHomeSource.com","Plan-71347588","N","Y",38.71098,-90.607679,2018,1520
"New Construction Plan",NA,"Single Family Residential","Burlington III","Saint Charles","MO",63301,208900,3,2,"Commons at Charlestowne Place",NA,NA,NA,NA,NA,NA,"Active","","","http://www.redfin.com/MO/Saint-Charles/Commons-at-Charlestowne-Place/Burlington-III/home/147730164","NewHomeSource.com","Plan-71562418","N","Y",38.8329442,-90.4700212,2018,1521
"New Construction Plan",NA,"Single Family Residential","The Pembridge - 3 Car Garage","Saint Charles","MO",63301,244900,3,2.5,"Charlestowne Place",1576,NA,NA,NA,155,NA,"Active","","","http://www.redfin.com/MO/Saint-Charles/Charlestowne-Place/The-Pembridge-3-Car-Garage/home/144901412","NewHomeSource.com","Plan-71556608","N","Y",38.827639,-90.48084,2018,1522
"New Construction Plan",NA,"Single Family Residential","The Essex","Saint Charles","MO",63303,287990,3,2.5,"Bristol Ridge",1917,NA,NA,NA,150,NA,"Active","","","http://www.redfin.com/MO/Saint-Charles/Bristol-Ridge/The-Essex/home/144672537","NewHomeSource.com","Plan-71464067","N","Y",38.7612348,-90.5160179,2018,1523
"New Construction Plan",NA,"Single Family Residential","The Westover - 3 Car Garage","Saint Charles","MO",63301,294900,4,2.5,"Charlestowne Place",2244,NA,NA,NA,131,NA,"Active","","","http://www.redfin.com/MO/Saint-Charles/Charlestowne-Place/The-Westover-3-Car-Garage/home/144901413","NewHomeSource.com","Plan-71556607","N","Y",38.827639,-90.48084,2018,1524
"New Construction Plan",NA,"Single Family Residential","The Hartford","Saint Charles","MO",63303,312990,4,2.5,"Bristol Ridge",2620,NA,NA,NA,119,NA,"Active","","","http://www.redfin.com/MO/Saint-Charles/Bristol-Ridge/The-Hartford/home/144672538","NewHomeSource.com","Plan-71464066","N","Y",38.7612348,-90.5160179,2018,1525
"New Construction Plan",NA,"Single Family Residential","Arlington III","Saint Charles","MO",63301,193900,3,2,"Commons at Charlestowne Place",NA,NA,NA,NA,NA,NA,"Active","","","http://www.redfin.com/MO/Saint-Charles/Commons-at-Charlestowne-Place/Arlington-III/home/147730165","NewHomeSource.com","Plan-71562416","N","Y",38.8329442,-90.4700212,2018,1526
"New Construction Plan",NA,"Single Family Residential","The Wilshire - 3 Car Garage","Saint Charles","MO",63301,282900,3,2.5,"Charlestowne Place",2184,NA,NA,NA,130,NA,"Active","","","http://www.redfin.com/MO/Saint-Charles/Charlestowne-Place/The-Wilshire-3-Car-Garage/home/144901414","NewHomeSource.com","Plan-71556606","N","Y",38.827639,-90.48084,2018,1527
"New Construction Plan",NA,"Single Family Residential","Payne Family Homes Geneva 2 Plan","Saint Charles","MO",63301,329900,3,2,"The Villages at Sandfort Farm",1779,NA,NA,NA,185,NA,"Active","","","http://www.redfin.com/MO/Saint-Charles/The-Villages-at-Sandfort-Farm/Payne-Family-Homes-Geneva-2-Plan/home/147952295","NewHomeSource.com","Plan-71564865","N","Y",38.7980405,-90.5517474,2018,1528
"New Construction Plan",NA,"Single Family Residential","Fairfax","Saint Charles","MO",63301,300900,4,2.5,"Provence, The Villages of",2480,NA,NA,NA,121,NA,"Active","","","http://www.redfin.com/MO/St-Charles/Provence-The-Villages-of/Fairfax/home/148215128","NewHomeSource.com","Plan-71382374","N","Y",38.804399,-90.485759,2018,1529
"New Construction Plan",NA,"Single Family Residential","Geneva","Saint Charles","MO",63301,289900,3,2,"The Villages at Sandfort Farm",1627,NA,NA,NA,178,NA,"Active","","","http://www.redfin.com/MO/St-Charles/The-Villages-at-Sandfort-Farm/Geneva/home/148215015","NewHomeSource.com","Plan-71562204","N","Y",38.7956412,-90.5562885,2018,1530
"New Construction Plan",NA,"Single Family Residential","The Aspen - 3 Car Garage","Saint Charles","MO",63301,277900,4,2.5,"Charlestowne Place",2028,NA,NA,NA,137,NA,"Active","","","http://www.redfin.com/MO/Saint-Charles/Charlestowne-Place/The-Aspen-3-Car-Garage/home/144901416","NewHomeSource.com","Plan-71556604","N","Y",38.827639,-90.48084,2018,1531
"New Construction Plan",NA,"Single Family Residential","Lombardo Homes Shenandoah Plan","Saint Charles","MO",63301,433000,4,2.5,"The Villages at Sandfort Farm",3371,NA,NA,NA,128,NA,"Active","","","http://www.redfin.com/MO/St-Charles/The-Villages-at-Sandfort-Farm/Lombardo-Homes-Shenandoah-Plan/home/148525386","NewHomeSource.com","Plan-61581156","N","Y",38.7980405,-90.5517474,2018,1532
"New Construction Plan",NA,"Single Family Residential","Lombardo Homes Denali II Plan","Saint Charles","MO",63301,444000,4,2.5,"The Villages at Sandfort Farm",3614,NA,NA,NA,123,NA,"Active","","","http://www.redfin.com/MO/St-Charles/The-Villages-at-Sandfort-Farm/Lombardo-Homes-Denali-II-Plan/home/148525385","NewHomeSource.com","Plan-61581415","N","Y",38.7980405,-90.5517474,2018,1533
"New Construction Plan",NA,"Single Family Residential","Payne Family Homes Denmark Plan","Saint Charles","MO",63301,294900,3,2,"The Villages at Sandfort Farm",1746,NA,NA,NA,169,NA,"Active","","","http://www.redfin.com/MO/Saint-Charles/The-Villages-at-Sandfort-Farm/Payne-Family-Homes-Denmark-Plan/home/147952296","NewHomeSource.com","Plan-71564864","N","Y",38.7980405,-90.5517474,2018,1534
"New Construction Plan",NA,"Single Family Residential","Denmark","Saint Charles","MO",63301,278900,3,2,"Provence, The Villages of",1746,NA,NA,NA,160,NA,"Active","","","http://www.redfin.com/MO/St-Charles/Provence-The-Villages-of/Denmark/home/148131690","NewHomeSource.com","Plan-71382373","N","Y",38.804399,-90.485759,2018,1535
"New Construction Plan",NA,"Single Family Residential","The Denmark - 3 Car Garage","Saint Charles","MO",63301,274900,4,2.5,"Charlestowne Place",2028,NA,NA,NA,136,NA,"Active","","","http://www.redfin.com/MO/Saint-Charles/Charlestowne-Place/The-Denmark-3-Car-Garage/home/144901417","NewHomeSource.com","Plan-71556603","N","Y",38.827639,-90.48084,2018,1536
"New Construction Plan",NA,"Single Family Residential","Lombardo Homes Ozark Plan","Saint Charles","MO",63301,408000,3,2.5,"The Villages at Sandfort Farm",2526,NA,NA,NA,162,NA,"Active","","","http://www.redfin.com/MO/St-Charles/The-Villages-at-Sandfort-Farm/Lombardo-Homes-Ozark-Plan/home/148501568","NewHomeSource.com","Plan-61581129","N","Y",38.7980405,-90.5517474,2018,1537
"New Construction Plan",NA,"Single Family Residential","Lombardo Homes Glacier Plan","Saint Charles","MO",63301,426000,4,2.5,"The Villages at Sandfort Farm",2831,NA,NA,NA,150,NA,"Active","","","http://www.redfin.com/MO/St-Charles/The-Villages-at-Sandfort-Farm/Lombardo-Homes-Glacier-Plan/home/148501566","NewHomeSource.com","Plan-61581130","N","Y",38.7980405,-90.5517474,2018,1538
"New Construction Plan",NA,"Single Family Residential","Lombardo Homes Redwood II Plan","Saint Charles","MO",63301,434000,3,2.5,"The Villages at Sandfort Farm",3095,NA,NA,NA,140,NA,"Active","","","http://www.redfin.com/MO/St-Charles/The-Villages-at-Sandfort-Farm/Lombardo-Homes-Redwood-II-Plan/home/148501565","NewHomeSource.com","Plan-61581141","N","Y",38.7980405,-90.5517474,2018,1539
"New Construction Plan",NA,"Single Family Residential","Lombardo Homes Harbor Plan","Saint Charles","MO",63301,436000,4,2.5,"The Villages at Sandfort Farm",3328,NA,NA,NA,131,NA,"Active","","","http://www.redfin.com/MO/St-Charles/The-Villages-at-Sandfort-Farm/Lombardo-Homes-Harbor-Plan/home/148501564","NewHomeSource.com","Plan-61581149","N","Y",38.7980405,-90.5517474,2018,1540
"New Construction Plan",NA,"Single Family Residential","Lombardo Homes Rainier Plan","Saint Charles","MO",63301,444000,4,2.5,"The Villages at Sandfort Farm",3363,NA,NA,NA,132,NA,"Active","","","http://www.redfin.com/MO/St-Charles/The-Villages-at-Sandfort-Farm/Lombardo-Homes-Rainier-Plan/home/148501562","NewHomeSource.com","Plan-61581152","N","Y",38.7980405,-90.5517474,2018,1541
"New Construction Plan",NA,"Single Family Residential","Highland - Villa","Saint Charles","MO",63301,247900,2,2,"The Villages of Provence",1492,NA,NA,NA,166,NA,"Active","","","http://www.redfin.com/MO/Saint-Charles/The-Villages-of-Provence/Highland-Villa/home/143800092","NewHomeSource.com","Plan-71212482","N","Y",38.802211,-90.487597,2018,1542
"New Construction Plan",NA,"Single Family Residential","The Charleston II - 3 Car Garage","Saint Charles","MO",63301,349900,4,2.5,"Charlestowne Crossing",2850,NA,NA,NA,123,NA,"Active","","","http://www.redfin.com/MO/Saint-Charles/Charlestowne-Crossing/The-Charleston-II-3-Car-Garage/home/144901407","NewHomeSource.com","Plan-71477292","N","Y",38.827639,-90.48084,2018,1543
"New Construction Plan",NA,"Single Family Residential","The Newport - 3 Car Garage","Saint Charles","MO",63301,284900,3,2,"Charlestowne Place",2274,NA,NA,NA,125,NA,"Active","","","http://www.redfin.com/MO/Saint-Charles/Charlestowne-Place/The-Newport-3-Car-Garage/home/144901418","NewHomeSource.com","Plan-71556602","N","Y",38.827639,-90.48084,2018,1544
"New Construction Plan",NA,"Single Family Residential","Ashland - Villa","Saint Charles","MO",63301,239900,2,2,"The Villages of Provence",1347,NA,NA,NA,178,NA,"Active","","","http://www.redfin.com/MO/Saint-Charles/The-Villages-of-Provence/Ashland-Villa/home/143723519","NewHomeSource.com","Plan-71212481","N","Y",38.802211,-90.487597,2018,1545
"New Construction Plan",NA,"Single Family Residential","Fairfax - Villa","Saint Charles","MO",63301,282900,3,2,"The Villages of Provence",2113,NA,NA,NA,134,NA,"Active","","","http://www.redfin.com/MO/Saint-Charles/The-Villages-of-Provence/Fairfax-Villa/home/144949135","NewHomeSource.com","Plan-71471481","N","Y",38.802211,-90.487597,2018,1546
"New Construction Plan",NA,"Single Family Residential","The Monterey II - 3 Car Garage","Saint Charles","MO",63301,254900,3,2,"Charlestowne Place",1584,NA,NA,NA,161,NA,"Active","","","http://www.redfin.com/MO/Saint-Charles/Charlestowne-Place/The-Monterey-II-3-Car-Garage/home/144901419","NewHomeSource.com","Plan-71556601","N","Y",38.827639,-90.48084,2018,1547
"New Construction Plan",NA,"Single Family Residential","Ashton","Saint Charles","MO",63301,292900,3,2,"Provence, The Villages of",1785,NA,NA,NA,164,NA,"Active","","","http://www.redfin.com/MO/St-Charles/Provence-The-Villages-of/Ashton/home/148131691","NewHomeSource.com","Plan-71340300","N","Y",38.804399,-90.485759,2018,1548
"New Construction Plan",NA,"Single Family Residential","Audubon","Saint Charles","MO",63301,285900,3,2,"Villages of Provence",1734,NA,NA,NA,165,NA,"Active","","","http://www.redfin.com/MO/Saint-Charles/Villages-of-Provence/Audubon/home/144225806","NewHomeSource.com","Plan-71446350","N","Y",38.803643,-90.482452,2018,1549
"New Construction Plan",NA,"Single Family Residential","The Montgomery - 3 Car Garage","Saint Charles","MO",63301,242900,3,2,"Charlestowne Place",1498,NA,NA,NA,162,NA,"Active","","","http://www.redfin.com/MO/Saint-Charles/Charlestowne-Place/The-Montgomery-3-Car-Garage/home/144901420","NewHomeSource.com","Plan-71556600","N","Y",38.827639,-90.48084,2018,1550
"New Construction Plan",NA,"Single Family Residential","McKelvey Homes Bennigton Plan","Saint Charles","MO",63301,410100,3,2,"The Villages at Sandfort Farm",2470,NA,NA,NA,166,NA,"Active","","","http://www.redfin.com/MO/Saint-Charles/The-Villages-at-Sandfort-Farm/McKelvey-Homes-Bennigton-Plan/home/147952311","NewHomeSource.com","Plan-71564790","N","Y",38.7980405,-90.5517474,2018,1551
"New Construction Plan",NA,"Single Family Residential","Breckenridge","Saint Charles","MO",63301,335900,4,2.5,"Provence, The Villages of",3186,NA,NA,NA,105,NA,"Active","","","http://www.redfin.com/MO/St-Charles/Provence-The-Villages-of/Breckenridge/home/148215134","NewHomeSource.com","Plan-71212479","N","Y",38.804399,-90.485759,2018,1552
"New Construction Plan",NA,"Single Family Residential","Edison","Saint Charles","MO",63301,295900,4,2.5,"Provence, The Villages of",2368,NA,NA,NA,125,NA,"Active","","","http://www.redfin.com/MO/St-Charles/Provence-The-Villages-of/Edison/home/148442949","NewHomeSource.com","Plan-71578507","N","Y",38.804399,-90.485759,2018,1553
"New Construction Plan",NA,"Single Family Residential","Homestead","Saint Charles","MO",63301,281200,4,2.5,"New Town",NA,NA,NA,NA,NA,NA,"Active","","","http://www.redfin.com/MO/Saint-Charles/New-Town/Homestead/home/144901486","NewHomeSource.com","Plan-71347439","N","Y",38.8381,-90.5052,2018,1554
"New Construction Plan",NA,"Single Family Residential","The Austin - 3 Car Garage","Saint Charles","MO",63301,244900,3,2,"Charlestowne Place",1498,NA,NA,NA,163,NA,"Active","","","http://www.redfin.com/MO/Saint-Charles/Charlestowne-Place/The-Austin-3-Car-Garage/home/144901421","NewHomeSource.com","Plan-71556599","N","Y",38.827639,-90.48084,2018,1555
"New Construction Plan",NA,"Single Family Residential","Montego","Saint Charles","MO",63301,327900,4,2.5,"Provence, The Villages of",2691,NA,NA,NA,122,NA,"Active","","","http://www.redfin.com/MO/St-Charles/Provence-The-Villages-of/Montego/home/148215136","NewHomeSource.com","Plan-71212476","N","Y",38.804399,-90.485759,2018,1556
"New Construction Plan",NA,"Single Family Residential","Bristol","Saint Charles","MO",63301,317900,4,2.5,"Provence, The Villages of",2754,NA,NA,NA,115,NA,"Active","","","http://www.redfin.com/MO/St-Charles/Provence-The-Villages-of/Bristol/home/148215135","NewHomeSource.com","Plan-71212478","N","Y",38.804399,-90.485759,2018,1557
"New Construction Plan",NA,"Single Family Residential","Aubrey","Saint Charles","MO",63301,250900,3,2,"Provence, The Villages of",1336,NA,NA,NA,188,NA,"Active","","","http://www.redfin.com/MO/St-Charles/Provence-The-Villages-of/Aubrey/home/148215125","NewHomeSource.com","Plan-71505987","N","Y",38.804399,-90.485759,2018,1558
"New Construction Plan",NA,"Single Family Residential","Pawtucket","Saint Charles","MO",63301,252900,3,2.5,"New Town",NA,NA,NA,NA,NA,NA,"Active","","","http://www.redfin.com/MO/Saint-Charles/New-Town/Pawtucket/home/144964381","NewHomeSource.com","Plan-71347436","N","Y",38.8381,-90.5052,2018,1559
"New Construction Plan",NA,"Single Family Residential","Norfolk","Saint Charles","MO",63301,248900,3,2.5,"New Town",NA,NA,NA,NA,NA,NA,"Active","","","http://www.redfin.com/MO/Saint-Charles/New-Town/Norfolk/home/144964380","NewHomeSource.com","Plan-71347438","N","Y",38.8381,-90.5052,2018,1560
"New Construction Plan",NA,"Single Family Residential","Payne Family Homes Geneva Plan","Saint Charles","MO",63301,289900,3,2,"The Villages at Sandfort Farm",1627,NA,NA,NA,178,NA,"Active","","","http://www.redfin.com/MO/Saint-Charles/The-Villages-at-Sandfort-Farm/Payne-Family-Homes-Geneva-Plan/home/147952298","NewHomeSource.com","Plan-71564858","N","Y",38.7980405,-90.5517474,2018,1561
"New Construction Plan",NA,"Single Family Residential","Somerville","Saint Charles","MO",63301,231900,3,2,"New Town",NA,NA,NA,NA,NA,NA,"Active","","","http://www.redfin.com/MO/Saint-Charles/New-Town/Somerville/home/144964383","NewHomeSource.com","Plan-71347435","N","Y",38.8381,-90.5052,2018,1562
"New Construction Plan",NA,"Single Family Residential","Ashford","Saint Charles","MO",63301,250900,4,2.5,"Manors at Charlestowne Crossing",NA,NA,NA,NA,NA,NA,"Active","","","http://www.redfin.com/MO/Saint-Charles/Manors-at-Charlestowne-Crossing/Ashford/home/145517840","NewHomeSource.com","Plan-71347434","N","Y",38.8272885,-90.4817649,2018,1563
"New Construction Plan",NA,"Single Family Residential","Franklin","Saint Charles","MO",63301,287900,4,2.5,"Provence, The Villages of",2480,NA,NA,NA,116,NA,"Active","","","http://www.redfin.com/MO/St-Charles/Provence-The-Villages-of/Franklin/home/148215143","NewHomeSource.com","Plan-71212472","N","Y",38.804399,-90.485759,2018,1564
"New Construction Plan",NA,"Single Family Residential","Geneva","Saint Charles","MO",63301,276900,3,2,"Provence, The Villages of",1627,NA,NA,NA,170,NA,"Active","","","http://www.redfin.com/MO/St-Charles/Provence-The-Villages-of/Geneva/home/148215142","NewHomeSource.com","Plan-71212473","N","Y",38.804399,-90.485759,2018,1565
"New Construction Plan",NA,"Single Family Residential","Sterling","Saint Charles","MO",63301,235900,4,2.5,"Manors at Charlestowne Crossing",NA,NA,NA,NA,NA,NA,"Active","","","http://www.redfin.com/MO/Saint-Charles/Manors-at-Charlestowne-Crossing/Sterling/home/145517842","NewHomeSource.com","Plan-71347432","N","Y",38.8272885,-90.4817649,2018,1566
"New Construction Plan",NA,"Single Family Residential","Royal II","Saint Charles","MO",63301,240900,4,2.5,"Manors at Charlestowne Crossing",NA,NA,NA,NA,NA,NA,"Active","","","http://www.redfin.com/MO/Saint-Charles/Manors-at-Charlestowne-Crossing/Royal-II/home/145517841","NewHomeSource.com","Plan-71347433","N","Y",38.8272885,-90.4817649,2018,1567
"New Construction Plan",NA,"Single Family Residential","Hemingway","Saint Charles","MO",63301,282900,4,2.5,"Provence, The Villages of",2189,NA,NA,NA,129,NA,"Active","","","http://www.redfin.com/MO/St-Charles/Provence-The-Villages-of/Hemingway/home/148215146","NewHomeSource.com","Plan-71212471","N","Y",38.804399,-90.485759,2018,1568
"New Construction Plan",NA,"Single Family Residential","Berwick","Saint Charles","MO",63301,230900,3,2.5,"Manors at Charlestowne Crossing",NA,NA,NA,NA,NA,NA,"Active","","","http://www.redfin.com/MO/St-Charles/Manors-at-Charlestowne-Crossing/Berwick/home/148554960","NewHomeSource.com","Plan-71347431","N","Y",38.8273838,-90.4816062,2018,1569
"New Construction Plan",NA,"Single Family Residential","Dylan 4th","Saint Charles","MO",63301,277900,4,2.5,"Provence, The Villages of",2031,NA,NA,NA,137,NA,"Active","","","http://www.redfin.com/MO/St-Charles/Provence-The-Villages-of/Dylan-4th/home/148215123","NewHomeSource.com","Plan-71547140","N","Y",38.804399,-90.485759,2018,1570
"New Construction Plan",NA,"Single Family Residential","Maple","Saint Charles","MO",63301,240900,3,2,"Manors at Charlestowne Crossing",NA,NA,NA,NA,NA,NA,"Active","","","http://www.redfin.com/MO/Saint-Charles/Manors-at-Charlestowne-Crossing/Maple/home/145517845","NewHomeSource.com","Plan-61347429","N","Y",38.8272885,-90.4817649,2018,1571
"New Construction Plan",NA,"Single Family Residential","Lombardo Homes Sunset Plan","Saint Charles","MO",63301,386000,4,2.5,"The Villages at Sandfort Farm",3087,NA,NA,NA,125,NA,"Active","","","http://www.redfin.com/MO/Saint-Charles/The-Villages-at-Sandfort-Farm/Lombardo-Homes-Sunset-Plan/home/147952313","NewHomeSource.com","Plan-61564849","N","Y",38.7980405,-90.5517474,2018,1572
"New Construction Plan",NA,"Single Family Residential","DaVinci","Saint Charles","MO",63301,267900,3,2,"Provence, The Villages of",1746,NA,NA,NA,153,NA,"Active","","","http://www.redfin.com/MO/St-Charles/Provence-The-Villages-of/DaVinci/home/148215151","NewHomeSource.com","Plan-61212466","N","Y",38.804399,-90.485759,2018,1573
"New Construction Plan",NA,"Single Family Residential","Hamilton","Saint Charles","MO",63301,273900,3,2,"Provence, The Villages of",1758,NA,NA,NA,156,NA,"Active","","","http://www.redfin.com/MO/St-Charles/Provence-The-Villages-of/Hamilton/home/148215149","NewHomeSource.com","Plan-61212467","N","Y",38.804399,-90.485759,2018,1574
"New Construction Plan",NA,"Single Family Residential","Fairfax","Saint Charles","MO",63301,320900,4,2.5,"The Villages at Sandfort Farm",2480,NA,NA,NA,129,NA,"Active","","","http://www.redfin.com/MO/St-Charles/The-Villages-at-Sandfort-Farm/Fairfax/home/148310763","NewHomeSource.com","Plan-61573735","N","Y",38.7956412,-90.5562885,2018,1575
"New Construction Plan",NA,"Single Family Residential","Bristol","Saint Charles","MO",63301,336900,4,2.5,"The Villages at Sandfort Farm",2754,NA,NA,NA,122,NA,"Active","","","http://www.redfin.com/MO/St-Charles/The-Villages-at-Sandfort-Farm/Bristol/home/148310762","NewHomeSource.com","Plan-61573769","N","Y",38.7956412,-90.5562885,2018,1576
"New Construction Plan",NA,"Single Family Residential","Bristol II","Saint Charles","MO",63301,383900,4,2.5,"The Villages at Sandfort Farm",3243,NA,NA,NA,118,NA,"Active","","","http://www.redfin.com/MO/St-Charles/The-Villages-at-Sandfort-Farm/Bristol-II/home/148310761","NewHomeSource.com","Plan-61573772","N","Y",38.7956412,-90.5562885,2018,1577
"New Construction Plan",NA,"Single Family Residential","Breckenridge","Saint Charles","MO",63301,356900,4,2.5,"The Villages at Sandfort Farm",3186,NA,NA,NA,112,NA,"Active","","","http://www.redfin.com/MO/St-Charles/The-Villages-at-Sandfort-Farm/Breckenridge/home/148310759","NewHomeSource.com","Plan-61573802","N","Y",38.7956412,-90.5562885,2018,1578
"New Construction Plan",NA,"Single Family Residential","The Shenandoah","Saint Charles","MO",63304,504990,4,2.5,"Bluffs at Windcastle",3371,NA,NA,NA,150,NA,"Active","","","http://www.redfin.com/MO/Weldon-Spring/Bluffs-at-Windcastle/The-Shenandoah/home/148205311","NewHomeSource.com","Plan-61458376","N","Y",38.71098,-90.607679,2018,1579
"New Construction Plan",NA,"Single Family Residential","The Redwood II","Saint Charles","MO",63304,510990,3,2.5,"Bluffs at Windcastle",3095,NA,NA,NA,165,NA,"Active","","","http://www.redfin.com/MO/Weldon-Spring/Bluffs-at-Windcastle/The-Redwood-II/home/148205310","NewHomeSource.com","Plan-61458377","N","Y",38.71098,-90.607679,2018,1580
"New Construction Plan",NA,"Single Family Residential","Aspen","Saint Charles","MO",63301,205900,2,2,"Manors at Charlestowne Crossing",NA,NA,NA,NA,NA,NA,"Active","","","http://www.redfin.com/MO/Saint-Charles/Manors-at-Charlestowne-Crossing/Aspen/home/145517846","NewHomeSource.com","Plan-61347426","N","Y",38.8272885,-90.4817649,2018,1581
"New Construction Plan",NA,"Single Family Residential","Sinclair","Saint Charles","MO",63301,259900,3,2,"Provence, The Villages of",1615,NA,NA,NA,161,NA,"Active","","","http://www.redfin.com/MO/St-Charles/Provence-The-Villages-of/Sinclair/home/148153844","NewHomeSource.com","Plan-61212465","N","Y",38.804399,-90.485759,2018,1582
"New Construction Plan",NA,"Single Family Residential","The Rainier","Saint Charles","MO",63304,523990,4,2.5,"Bluffs at Windcastle",3363,NA,NA,NA,156,NA,"Active","","","http://www.redfin.com/MO/Weldon-Spring/Bluffs-at-Windcastle/The-Rainier/home/148205300","NewHomeSource.com","Plan-61458375","N","Y",38.71098,-90.607679,2018,1583
"New Construction Plan",NA,"Single Family Residential","Lombardo Homes Forest Plan","Saint Charles","MO",63301,379000,4,2.5,"The Villages at Sandfort Farm",2968,NA,NA,NA,128,NA,"Active","","","http://www.redfin.com/MO/Saint-Charles/The-Villages-at-Sandfort-Farm/Lombardo-Homes-Forest-Plan/home/147952315","NewHomeSource.com","Plan-61564845","N","Y",38.7980405,-90.5517474,2018,1584
"New Construction Plan",NA,"Single Family Residential","The Ozark","Saint Charles","MO",63304,487990,3,2.5,"Bluffs at Windcastle",2526,NA,NA,NA,193,NA,"Active","","","http://www.redfin.com/MO/Weldon-Spring/Bluffs-at-Windcastle/The-Ozark/home/148164741","NewHomeSource.com","Plan-61458374","N","Y",38.71098,-90.607679,2018,1585
"New Construction Plan",NA,"Single Family Residential","The Glacier","Saint Charles","MO",63304,503990,4,2.5,"Bluffs at Windcastle",2831,NA,NA,NA,178,NA,"Active","","","http://www.redfin.com/MO/Weldon-Spring/Bluffs-at-Windcastle/The-Glacier/home/148131014","NewHomeSource.com","Plan-61458373","N","Y",38.71098,-90.607679,2018,1586
"New Construction Plan",NA,"Single Family Residential","Dylan","Saint Charles","MO",63301,265900,3,2,"Provence, The Villages of",1766,NA,NA,NA,151,NA,"Active","","","http://www.redfin.com/MO/St-Charles/Provence-The-Villages-of/Dylan/home/148131689","NewHomeSource.com","Plan-61547132","N","Y",38.804399,-90.485759,2018,1587
"New Construction Plan",NA,"Single Family Residential","The Denali II","Saint Charles","MO",63304,527990,4,2.5,"Bluffs at Windcastle",3614,NA,NA,NA,146,NA,"Active","","","http://www.redfin.com/MO/Weldon-Spring/Bluffs-at-Windcastle/The-Denali-II/home/148131013","NewHomeSource.com","Plan-61458372","N","Y",38.71098,-90.607679,2018,1588
"New Construction Plan",NA,"Single Family Residential","Lombardo Homes Magnolia Plan","Saint Charles","MO",63301,393000,4,2.5,"The Villages at Sandfort Farm",3097,NA,NA,NA,127,NA,"Active","","","http://www.redfin.com/MO/Saint-Charles/The-Villages-at-Sandfort-Farm/Lombardo-Homes-Magnolia-Plan/home/147952316","NewHomeSource.com","Plan-61564840","N","Y",38.7980405,-90.5517474,2018,1589
"New Construction Plan",NA,"Single Family Residential","McKelvey Homes The Madison","Saint Charles","MO",63301,622410,4,3.5,"The Villages at Sandfort Farm",2600,NA,NA,NA,239,NA,"Active","","","http://www.redfin.com/MO/Saint-Charles/The-Villages-at-Sandfort-Farm/McKelvey-Homes-The-Madison/home/148046099","NewHomeSource.com","Plan-61568727","N","Y",38.7980405,-90.5517474,2018,1590
"New Construction Plan",NA,"Single Family Residential","Lombardo Homes Indigo Plan","Saint Charles","MO",63301,376000,3,2.5,"The Villages at Sandfort Farm",2569,NA,NA,NA,146,NA,"Active","","","http://www.redfin.com/MO/Saint-Charles/The-Villages-at-Sandfort-Farm/Lombardo-Homes-Indigo-Plan/home/147952317","NewHomeSource.com","Plan-61564834","N","Y",38.7980405,-90.5517474,2018,1591
"New Construction Plan",NA,"Single Family Residential","The Denali II","Saint Charles","MO",63301,444000,4,2.5,"Villages at Sandfort Farm",3614,NA,NA,NA,123,NA,"Active","","","http://www.redfin.com/MO/Saint-Charles/Villages-at-Sandfort-Farm/The-Denali-II/home/147998443","NewHomeSource.com","Plan-61562012","N","Y",38.7980405,-90.5517474,2018,1592
"MLS Listing",NA,"Single Family Residential","7027 Pershing Ave","St Louis","MO",63130,299000,3,2,"University City",1748,5184,1932,1,171,NA,"Active","","","http://www.redfin.com/MO/University-City/7027-Pershing-Ave-63130/home/93468361","MARIS","20003385","N","Y",38.6525041,-90.3159621,2020,1593
"MLS Listing",NA,"Condo/Co-op","1429 Oriole Pl","St Louis","MO",63144,155000,2,1,"Brentwood",864,2831,1950,7,179,193,"Active","January-26-2020 01:00 PM","January-26-2020 03:00 PM","http://www.redfin.com/MO/Brentwood/1429-Oriole-Pl-63144/home/93489167","MARIS","20002724","N","Y",38.628583,-90.354639,2020,1594
"MLS Listing",NA,"Single Family Residential","977 Glenbrook Ave","Glendale","MO",63122,249900,2,1,"Kirkwood",1163,8102,1948,1,215,NA,"Active","January-26-2020 02:00 PM","January-26-2020 04:00 PM","http://www.redfin.com/MO/St-Louis/977-Glenbrook-Ave-63122/home/93510511","MARIS","20004658","N","Y",38.599208,-90.3841423,2020,1595
"MLS Listing",NA,"Single Family Residential","8737 Keystone","St Louis","MO",63144,215000,3,1,"Brentwood",1150,5036,1942,1,187,NA,"Active","","","http://www.redfin.com/MO/Brentwood/8737-Keystone-Dr-63144/home/62734623","MARIS","20004071","N","Y",38.614966,-90.347161,2020,1596
"MLS Listing",NA,"Single Family Residential","6335 Fyler Ave","St Louis","MO",63139,89900,2,1,"South City",968,4400,1928,1,93,NA,"Active","January-26-2020 01:00 PM","January-26-2020 03:00 PM","http://www.redfin.com/MO/St-Louis/6335-Fyler-Ave-63139/home/93776395","MARIS","20004202","N","Y",38.6026382,-90.2967335,2020,1597
"MLS Listing",NA,"Single Family Residential","2501 Pocahontas Pl","St Louis","MO",63144,225000,3,1,"Webster Groves",1098,6490,1937,1,205,NA,"Active","January-26-2020 01:00 PM","January-26-2020 03:00 PM","http://www.redfin.com/MO/St-Louis/2501-Pocahontas-Pl-63144/home/93498629","MARIS","20002589","N","Y",38.6162832,-90.3570922,2020,1598
"MLS Listing",NA,"Condo/Co-op","900 S Hanley Rd Unit 8E","St Louis","MO",63105,270000,2,2,"Clayton",1620,1002,1966,1,167,1001,"Active","","","http://www.redfin.com/MO/Clayton/900-S-Hanley-Rd-63105/unit-8E/home/62739889","MARIS","20004545","N","Y",38.6386869,-90.3353539,2020,1599
"MLS Listing",NA,"Single Family Residential","2128 Richert Pl","St Louis","MO",63143,147000,2,1,"South City",1097,6186,1923,1,134,NA,"Active","","","http://www.redfin.com/MO/St-Louis/2128-Richert-Pl-63143/home/62716450","MARIS","20004559","N","Y",38.6191231,-90.3095101,2020,1600
"MLS Listing",NA,"Condo/Co-op","202 N Brentwood Unit 1C","Clayton","MO",63105,1125000,3,3,"Clayton",2475,1551,1986,1,455,795,"Active","January-26-2020 01:00 PM","January-26-2020 03:00 PM","http://www.redfin.com/MO/Clayton/202-N-Brentwood-Blvd-63105/unit-1C/home/93470471","MARIS","19089832","N","Y",38.654713,-90.340242,2020,1601
"MLS Listing",NA,"Single Family Residential","6504 Hoffman Ave","St Louis","MO",63139,150000,2,1,"South City",800,3746,1929,1,188,NA,"Active","","","http://www.redfin.com/MO/St-Louis/6504-Hoffman-Ave-63139/home/93741747","MARIS","20004449","N","Y",38.6086161,-90.2984842,2020,1602
"MLS Listing",NA,"Multi-Family (2-4 Unit)","7701 Lile Ave","St Louis","MO",63117,314000,2,1,"Maplewood-Rchmnd Hts",NA,5401,1928,1,NA,NA,"Active","","","http://www.redfin.com/MO/St-Louis/7701-Lile-Ave-63117/home/93487488","MARIS","20004371","N","Y",38.6305512,-90.3245102,2020,1603
"MLS Listing",NA,"Vacant Land","337 Lithia Ave","St Louis","MO",63119,17500,NA,NA,"Webster Groves",NA,11064,NA,2,NA,NA,"Active","","","http://www.redfin.com/MO/St-Louis/337-Lithia-Ave-63119/home/166991979","MARIS","20004281","N","Y",38.604688,-90.363733,2020,1604
"MLS Listing",NA,"Single Family Residential","615 Fairview Ave","Webster Groves","MO",63119,445000,4,3,"Webster Groves",2100,12767,1922,2,212,NA,"Active","January-26-2020 01:00 PM","January-26-2020 03:00 PM","http://www.redfin.com/MO/Webster-Groves/615-Fairview-Ave-63119/home/93509496","MARIS","20004241","N","Y",38.6004899,-90.3441805,2020,1605
"MLS Listing",NA,"Single Family Residential","118 E Maple Ave","St Louis","MO",63122,235000,2,1,"Kirkwood",1120,7492,1928,2,210,NA,"Active","January-23-2020 04:00 PM","January-23-2020 06:00 PM","http://www.redfin.com/MO/Kirkwood/118-E-Maple-Ave-63122/home/62735868","MARIS","20004260","N","Y",38.5987409,-90.405196,2020,1606
"MLS Listing",NA,"Vacant Land","19 Lake Forest Dr","Richmond Heights","MO",63117,450000,NA,NA,"Clayton",NA,15246,NA,2,NA,85,"Active","","","http://www.redfin.com/MO/Richmond-Heights/19-Lake-Forest-Dr-63117/home/113964031","MARIS","20002928","N","Y",38.636142,-90.335275,2020,1607
"MLS Listing",NA,"Single Family Residential","6910 Glades Ave","St Louis","MO",63139,129900,3,1,"South City",875,NA,1955,2,148,NA,"Active","","","http://www.redfin.com/MO/St-Louis/6910-Glades-Ave-63139/home/93741360","MARIS","20003953","N","Y",38.62122,-90.306697,2020,1608
"MLS Listing",NA,"Single Family Residential","2210 Richert Pl","St Louis","MO",63143,173000,2,1,"South City",1236,3833,1923,2,140,NA,"Active","January-26-2020 01:00 PM","January-26-2020 03:00 PM","http://www.redfin.com/MO/St-Louis/2210-Richert-Pl-63143/home/93741088","MARIS","20003589","N","Y",38.6177945,-90.3097714,2020,1609
"MLS Listing",NA,"Single Family Residential","7158 Cambridge Ave","St Louis","MO",63130,469000,3,3,"University City",2364,6316,1916,2,198,28,"Active","January-26-2020 01:00 PM","January-26-2020 03:00 PM","http://www.redfin.com/MO/University-City/7158-Cambridge-Ave-63130/home/62727083","MARIS","20004140","N","Y",38.6587699,-90.319781,2020,1610
"MLS Listing",NA,"Single Family Residential","7434 University Dr","St Louis","MO",63130,424500,3,3,"University City",2031,5401,1926,2,209,NA,"Active","","","http://www.redfin.com/MO/University-City/7434-University-Dr-63130/home/93467933","MARIS","20004183","N","Y",38.6528856,-90.3312731,2020,1611
"MLS Listing",NA,"Single Family Residential","6229 Marmaduke Ave","St Louis","MO",63139,160000,3,1,"South City",1008,3398,1924,2,159,NA,"Active","January-28-2020 11:30 AM","January-28-2020 01:00 PM","http://www.redfin.com/MO/St-Louis/6229-Marmaduke-Ave-63139/home/62763361","MARIS","20003939","N","Y",38.6104313,-90.293824,2020,1612
"MLS Listing",NA,"Single Family Residential","212 Timbercrest Rd","St Louis","MO",63122,375000,3,2,"Kirkwood",1245,7405,1950,6,301,3,"Active","February-2-2020 01:00 PM","February-2-2020 03:00 PM","http://www.redfin.com/MO/St-Louis/212-Timbercrest-Rd-63122/home/93513408","MARIS","20002439","N","Y",38.6029354,-90.4033701,2020,1613
"MLS Listing",NA,"Single Family Residential","456 S Mcknight","Ladue","MO",63124,2880000,4,8,"Ladue",6475,49658,2007,6,445,NA,"Active","","","http://www.redfin.com/MO/St-Louis/456-S-McKnight-Rd-63124/home/93479610","MARIS","20003477","N","Y",38.646418,-90.3576621,2020,1614
"MLS Listing",NA,"Single Family Residential","5 Loren Woods","Ladue","MO",63124,599000,5,4,"Ladue",2288,22869,1949,6,262,29,"Active","January-26-2020 01:00 PM","January-26-2020 03:00 PM","http://www.redfin.com/MO/St-Louis/5-Loren-Woods-Dr-63124/home/93471910","MARIS","20003588","N","Y",38.6575702,-90.3608424,2020,1615
"MLS Listing",NA,"Single Family Residential","334 N Meramec Ave","Clayton","MO",63105,1025000,4,5,"Clayton",3058,5663,1994,7,335,NA,"Active","January-26-2020 01:00 PM","January-26-2020 03:00 PM","http://www.redfin.com/MO/Clayton/334-N-Meramec-Ave-63105/home/93471107","MARIS","20002026","N","Y",38.656541,-90.337802,2020,1616
"MLS Listing",NA,"Condo/Co-op","8025 Maryland Ave Unit 2B","St Louis","MO",63105,765000,3,3,"Clayton",1620,523,2006,7,472,923,"Active","","","http://www.redfin.com/MO/Clayton/8025-Maryland-Ave-63105/unit-2B/home/93326999","MARIS","20002936","N","Y",38.652392,-90.340466,2020,1617
"MLS Listing",NA,"Condo/Co-op","15 Topton Way Unit 2C","Clayton","MO",63105,985000,2,3,"Clayton",2242,NA,2001,7,439,525,"Active","","","http://www.redfin.com/MO/Clayton/15-Topton-Way-63105/unit-2C/home/93631315","MARIS","20003338","N","Y",38.650101,-90.3447149,2020,1618
"MLS Listing",NA,"Condo/Co-op","925 S Hanley Rd Unit F","St Louis","MO",63105,175000,2,1,"Clayton",1080,1437,1940,7,162,364,"Active","","","http://www.redfin.com/MO/St-Louis/925-S-Hanley-Rd-63105/unit-F/home/93479427","MARIS","20002477","N","Y",38.6383689,-90.3360309,2020,1619
"MLS Listing",NA,"Condo/Co-op","8054 Davis Dr Unit 3N","Clayton","MO",63105,249900,3,3,"Clayton",1458,784,1940,7,171,639,"Active","January-25-2020 01:00 PM","January-25-2020 03:00 PM","http://www.redfin.com/MO/Clayton/8054-Davis-Dr-63105/unit-3N/home/105522194","MARIS","20002713","N","Y",38.6419348,-90.3439003,2020,1620
"MLS Listing",NA,"Condo/Co-op","8100 Delmar Unit 2E","University City","MO",63130,178000,2,1,"University City",1000,NA,1940,7,178,250,"Active","","","http://www.redfin.com/MO/University-City/8100-Delmar-Blvd-63130/unit-2E/home/93323971","MARIS","20003192","N","Y",38.6599674,-90.3468544,2020,1621
"MLS Listing",NA,"Single Family Residential","320 Park Rd","St Louis","MO",63119,750000,4,5,"Webster Groves",3208,43386,1924,7,234,NA,"Active","January-26-2020 01:00 PM","January-26-2020 03:00 PM","http://www.redfin.com/MO/Webster-Groves/320-Park-Rd-63119/home/93508545","MARIS","20001454","N","Y",38.5984886,-90.3451453,2020,1622
"MLS Listing",NA,"Single Family Residential","48 Claverach Dr","Clayton","MO",63105,730000,3,3,"Clayton",2345,10193,1928,7,311,NA,"Active","","","http://www.redfin.com/MO/Clayton/48-Claverach-Dr-63105/home/93477873","MARIS","20002451","N","Y",38.6368168,-90.3232112,2020,1623
"MLS Listing",NA,"Single Family Residential","7366 Elm Ave","Maplewood","MO",63143,429900,6,3,"Maplewood-Rchmnd Hts",2660,4800,1900,7,162,NA,"Active","January-26-2020 01:00 PM","January-26-2020 03:00 PM","http://www.redfin.com/MO/St-Louis/7366-Elm-Ave-63143/home/93496669","MARIS","20003160","N","Y",38.607944,-90.3200986,2020,1624
"MLS Listing",NA,"Single Family Residential","9908 Old Warson Rd","Ladue","MO",63124,1090000,6,4,"Ladue",3755,89298,1940,7,290,NA,"Active","","","http://www.redfin.com/MO/St-Louis/9908-Old-Warson-Rd-63124/home/93501243","MARIS","20000639","N","Y",38.6154739,-90.3924027,2020,1625
"MLS Listing",NA,"Single Family Residential","7311 Lindbergh Dr","St Louis","MO",63117,349900,3,2,"Maplewood-Rchmnd Hts",2049,11238,1905,8,171,NA,"Active","January-26-2020 01:00 PM","January-26-2020 03:00 PM","http://www.redfin.com/MO/Richmond-Heights/7311-Lindbergh-Dr-63117/home/93486658","MARIS","20001189","N","Y",38.6271815,-90.3171349,2020,1626
"MLS Listing",NA,"Multi-Family (2-4 Unit)","1010 Commodore Dr","St Louis","MO",63117,339000,4,2,"Maplewood-Rchmnd Hts",NA,9148,1935,8,NA,NA,"Active","","","http://www.redfin.com/MO/Richmond-Heights/1010-Commodore-Dr-63117/home/93488083","MARIS","20002874","N","Y",38.634624,-90.319453,2020,1627
"MLS Listing",NA,"Single Family Residential","648 Lewiston Dr","St Louis","MO",63122,769000,5,4,"Kirkwood",2740,7405,NA,8,281,NA,"Active","","","http://www.redfin.com/MO/St-Louis/648-Lewiston-Dr-63122/home/93513019","MARIS","20002438","N","Y",38.5994805,-90.3918318,2020,1628
"MLS Listing",NA,"Condo/Co-op","2726 Mcknight Crossing Ct","St Louis","MO",63124,215000,2,2,"Webster Groves",1138,5532,2007,9,189,342,"Active","","","http://www.redfin.com/MO/St-Louis/2726-Mcknight-Crossing-Ct-63124/home/93327786","MARIS","20002803","N","Y",38.6160499,-90.3622244,2020,1629
"MLS Listing",NA,"Condo/Co-op","150 Carondelet Plaza Rd #1403","Clayton","MO",63105,2195000,3,3,"Clayton",3346,348,2002,9,656,183,"Active","","","http://www.redfin.com/MO/St-Louis/150-Carondelet-Plz-63105/unit-1403/home/93317623","MARIS","20002777","N","Y",38.6478858,-90.3322292,2020,1630
"MLS Listing",NA,"Single Family Residential","515 High Mdw","Frontenac","MO",63131,710000,4,4,"Kirkwood",2750,42558,1963,9,258,NA,"Active","","","http://www.redfin.com/MO/Frontenac/515-High-Meadow-Rd-63131/home/93501756","MARIS","20002221","N","Y",38.6159,-90.4174151,2020,1631
"MLS Listing",NA,"Condo/Co-op","8025 Maryland Ave Unit 13E","St Louis","MO",63105,1425000,3,4,"Clayton",2414,697,2007,10,590,1325,"Active","","","http://www.redfin.com/MO/Clayton/8025-Maryland-Ave-63105/unit-13E/home/93327396","MARIS","20002101","N","Y",38.652392,-90.340466,2020,1632
"MLS Listing",NA,"Vacant Land","12 Radnor Rd","Huntleigh","MO",63131,1100000,NA,NA,"Kirkwood",NA,140699,NA,11,NA,NA,"Active","","","http://www.redfin.com/MO/St-Louis/2535-S-Lindbergh-Blvd-63131/home/168281848","MARIS","20002337","N","Y",38.6169923,-90.4061325,2020,1633
"MLS Listing",NA,"Multi-Family (2-4 Unit)","3714 Cambridge Ave Unit A-B, R","St Louis","MO",63143,350000,3,3,"Maplewood-Rchmnd Hts",NA,8102,NA,11,NA,NA,"Active","","","http://www.redfin.com/MO/Maplewood/3714-Cambridge-Ave-63143/unit-A-B-R/home/170270929","MARIS","20002383","N","Y",38.6032634,-90.3238705,2020,1634
"MLS Listing",NA,"Single Family Residential","6056 Clemens Ave","St Louis","MO",63112,225000,2,2,"Central West",960,2788,1922,12,234,NA,"Active","","","http://www.redfin.com/MO/St-Louis/6056-Clemens-Ave-63112/home/93739200","MARIS","20002356","N","Y",38.65714,-90.2948453,2020,1635
"MLS Listing",NA,"Single Family Residential","7114 Stanford Ave","St Louis","MO",63130,279900,3,2,"University City",1353,5271,1954,13,207,NA,"Active","","","http://www.redfin.com/MO/University-City/7114-Stanford-Ave-63130/home/93469638","MARIS","20001961","N","Y",38.6602193,-90.319422,2020,1636
"MLS Listing",NA,"Single Family Residential","7711 Lindbergh Dr","St Louis","MO",63143,130000,3,2,"Maplewood-Rchmnd Hts",1277,NA,1924,13,102,NA,"Active","","","http://www.redfin.com/MO/Maplewood/7711-Lindbergh-Dr-63143/home/93485891","MARIS","20002056","N","Y",38.6221097,-90.3264787,2020,1637
"MLS Listing",NA,"Single Family Residential","6628 Kingsbury Blvd","St Louis","MO",63130,445000,3,2,"University City",1916,6490,1923,14,232,29,"Active","January-26-2020 01:00 PM","January-26-2020 03:00 PM","http://www.redfin.com/MO/University-City/6628-Kingsbury-Blvd-63130/home/62753053","MARIS","20001200","N","Y",38.6533382,-90.3079312,2020,1638
"MLS Listing",NA,"Single Family Residential","25 Oak Park Dr","Creve Coeur","MO",63141,595000,3,4,"Ladue",2366,43996,1955,14,251,15,"Active","","","http://www.redfin.com/MO/Creve-Coeur/25-Oak-Park-Dr-63141/home/93481321","MARIS","20001718","N","Y",38.6485159,-90.4171205,2020,1639
"MLS Listing",NA,"Single Family Residential","7275 Forsyth Blvd","St Louis","MO",63105,669000,4,4,"University City",2568,8233,1927,14,261,NA,"Active","","","http://www.redfin.com/MO/St-Louis/7275-Forsyth-Blvd-63105/home/81571622","MARIS","20001793","N","Y",38.6485583,-90.3245354,2020,1640
"MLS Listing",NA,"Single Family Residential","1608 Andrew","St Louis","MO",63122,540000,4,4,"Webster Groves",2372,12502,1941,14,228,NA,"Active","","","http://www.redfin.com/MO/St-Louis/1608-Andrew-Dr-63122/home/93511356","MARIS","19089814","N","Y",38.6070535,-90.3854852,2020,1641
"MLS Listing",NA,"Single Family Residential","7215 Delta Ave","St Louis","MO",63117,249000,4,2,"Maplewood-Rchmnd Hts",1554,9017,1927,15,160,NA,"Active","","","http://www.redfin.com/MO/Richmond-Heights/7215-Delta-Ave-63117/home/93487304","MARIS","20001737","N","Y",38.626248,-90.3116033,2020,1642
"MLS Listing",NA,"Condo/Co-op","2728 Mcknight Crossing Ct","Webster Groves","MO",63124,239000,2,2,"Webster Groves",1077,5227,2007,15,222,331,"Active","","","http://www.redfin.com/MO/St-Louis/2728-Mcknight-Crossing-Ct-63124/home/62722884","MARIS","20001733","N","Y",38.6159703,-90.3622244,2020,1643
"MLS Listing",NA,"Condo/Co-op","200 S Brentwood Unit 12F","St Louis","MO",63105,274900,2,2,"Clayton",1204,392,1966,15,228,1034,"Active","","","http://www.redfin.com/MO/Clayton/200-S-Brentwood-Blvd-63105/unit-12F/home/93479918","MARIS","20001223","N","Y",38.6475893,-90.3414306,2020,1644
"MLS Listing",NA,"Single Family Residential","21 Upper Ladue Rd","St Louis","MO",63124,2750000,5,7,"Ladue",6349,82764,1951,16,433,33,"Active","","","http://www.redfin.com/MO/St-Louis/21-Upper-Ladue-Rd-63124/home/70346941","MARIS","20000810","N","Y",38.6482874,-90.3881895,2020,1645
"MLS Listing",NA,"Vacant Land","61 Overhills Dr","St Louis","MO",63124,999999,NA,NA,"Ladue",NA,137650,NA,16,NA,NA,"Active","","","http://www.redfin.com/MO/St-Louis/61-Overhills-Dr-63124/home/93490406","MARIS","20000590","N","Y",38.6336354,-90.3728188,2020,1646
"MLS Listing",NA,"Condo/Co-op","318 S Hanley Unit 2N","St Louis","MO",63105,219000,2,1,"Clayton",1390,1568,1925,16,158,200,"Active","","","http://www.redfin.com/MO/Clayton/318-S-Hanley-Rd-63105/unit-2N/home/93479926","MARIS","19088120","N","Y",38.646289,-90.334222,2020,1647
"MLS Listing",NA,"Single Family Residential","120 S Spoede Rd","Creve Coeur","MO",63141,870000,4,4,"Ladue",3000,43996,1960,16,290,NA,"Active","January-26-2020 01:00 AM","January-26-2020 03:00 AM","http://www.redfin.com/MO/Creve-Coeur/120-S-Spoede-Rd-63141/home/93472914","MARIS","20001130","N","Y",38.65274,-90.414855,2020,1648
"MLS Listing",NA,"Single Family Residential","8522 Eulalie Ave","St Louis","MO",63144,228900,3,1,"Brentwood",1464,6273,1949,17,156,NA,"Active","","","http://www.redfin.com/MO/Brentwood/8522-Eulalie-Ave-63144/home/93499617","MARIS","20000912","N","Y",38.617809,-90.3401103,2020,1649
"MLS Listing",NA,"Single Family Residential","1 Southmoor Dr","Clayton","MO",63105,1389000,4,3,"Clayton",4544,32017,1924,17,306,42,"Active","","","http://www.redfin.com/MO/Clayton/1-Southmoor-Dr-63105/home/93478222","MARIS","20000893","N","Y",38.6408587,-90.3178099,2020,1650
"MLS Listing",NA,"Single Family Residential","6450 Bradley Ave","St Louis","MO",63139,214500,3,2,"South City",1592,6752,1932,20,135,NA,"Active","","","http://www.redfin.com/MO/St-Louis/6450-Bradley-Ave-63139/home/88362803","MARIS","20000076","N","Y",38.6038549,-90.3000412,2020,1651
"MLS Listing",NA,"Single Family Residential","25 Crestwood Dr","Clayton","MO",63105,885000,4,4,"Clayton",3174,10411,1927,20,279,NA,"Active","","","http://www.redfin.com/MO/St-Louis/25-Crestwood-Dr-63105/home/93477793","MARIS","19089675","N","Y",38.6402649,-90.3252297,2020,1652
"MLS Listing",NA,"Single Family Residential","670 Marshall Ave","St Louis","MO",63119,250000,4,3,"Webster Groves",2184,6839,1913,20,114,NA,"Active","","","http://www.redfin.com/MO/Webster-Groves/670-Marshall-Ave-63119/home/93510124","MARIS","20000043","N","Y",38.6042398,-90.3409923,2020,1653
"MLS Listing",NA,"Single Family Residential","52 Berkshire Dr","St Louis","MO",63117,748800,4,4,"Ladue",2910,29272,1941,20,257,NA,"Active","","","http://www.redfin.com/MO/Richmond-Heights/52-Berkshire-Dr-63117/home/93489823","MARIS","20000044","N","Y",38.6343965,-90.349942,2020,1654
"MLS Listing",NA,"Single Family Residential","7423 Arlington Dr","St Louis","MO",63117,214900,2,1,"Maplewood-Rchmnd Hts",1118,5793,1926,21,192,NA,"Active","","","http://www.redfin.com/MO/Richmond-Heights/7423-Arlington-Dr-63117/home/93486641","MARIS","20000309","N","Y",38.625357,-90.318431,2020,1655
"MLS Listing",NA,"Condo/Co-op","1251 Strassner Dr #2305","Brentwood","MO",63144,235000,2,2,"Brentwood",1127,588,2007,21,209,280,"Active","","","http://www.redfin.com/MO/St-Louis/1251-Strassner-Dr-63144/unit-2305/home/82499111","MARIS","20000380","N","Y",38.6231247,-90.3361687,2020,1656
"MLS Listing",NA,"Single Family Residential","7215 Dale Ave","Richmond Heights","MO",63117,158000,3,1,"Maplewood-Rchmnd Hts",783,7153,1920,22,202,NA,"Active","","","http://www.redfin.com/MO/Richmond-Heights/7215-Dale-Ave-63117/home/93487308","MARIS","20000035","N","Y",38.6273552,-90.3113095,2020,1657
"MLS Listing",NA,"Vacant Land","9029 Clayton","St Louis","MO",63117,350000,NA,NA,"Ladue",NA,30928,NA,23,NA,NA,"Active","","","http://www.redfin.com/MO/St-Louis/9029-Clayton-Rd-63117/home/93479151","MARIS","19088412","N","Y",38.6402349,-90.356063,2020,1658
"MLS Listing",NA,"Single Family Residential","7100 Washington Ave","St Louis","MO",63130,775000,7,4,"University City",3527,10498,1912,24,220,NA,"Active","","","http://www.redfin.com/MO/University-City/7100-Washington-Ave-63130/home/93469195","MARIS","19090425","N","Y",38.6556059,-90.3177364,2020,1659
"MLS Listing",NA,"Single Family Residential","4 Magnolia Dr","St Louis","MO",63124,485000,3,2,"Ladue",1750,10149,1951,24,277,2,"Active","","","http://www.redfin.com/MO/St-Louis/4-Magnolia-Dr-63124/home/62763207","MARIS","19089383","N","Y",38.638766,-90.3871777,2020,1660
"MLS Listing",NA,"Single Family Residential","9218 Litzsinger","St Louis","MO",63144,359900,4,2,"Webster Groves",1608,7492,1938,28,224,NA,"Active","","","http://www.redfin.com/MO/St-Louis/9218-Litzsinger-Rd-63144/home/69055539","MARIS","19090090","N","Y",38.6182105,-90.3567246,2020,1661
"MLS Listing",NA,"Condo/Co-op","7518 Parkdale Ave #102","Clayton","MO",63105,475000,2,2,"Clayton",1374,1307,2008,28,346,456,"Active","January-26-2020 01:00 PM","January-26-2020 03:00 PM","http://www.redfin.com/MO/St-Louis/7518-Parkdale-Ave-63105/unit-102/home/93328231","MARIS","19090540","N","Y",38.6411705,-90.3306691,2020,1662
"MLS Listing",NA,"Single Family Residential","1334 Cordata (arbors 23) Dr","Frontenac","MO",63131,995098,2,3,"Ladue",3201,NA,NA,31,311,NA,"Active","","","http://www.redfin.com/MO/Frontenac/1334-Cordata-arbors-23-DR-63131/home/170156115","MARIS","19089173","N","Y",38.634418,-90.414338,2020,1663
"MLS Listing",NA,"Condo/Co-op","200 S Brentwood Blvd Unit 9B","Clayton","MO",63105,259900,2,2,"Clayton",1276,436,1966,34,204,1141,"Active","","","http://www.redfin.com/MO/Clayton/200-S-Brentwood-Blvd-63105/unit-9B/home/93479907","MARIS","19089983","N","Y",38.6475893,-90.3414306,2020,1664
"MLS Listing",NA,"Single Family Residential","1272 Lay Rd","Richmond Heights","MO",63124,1775000,4,5,"Ladue",4499,18600,NA,34,395,NA,"Active","","","http://www.redfin.com/MO/St-Louis/1272-Lay-Rd-63124/home/93490514","MARIS","19089957","N","Y",38.63303,-90.3614675,2020,1665
"MLS Listing",NA,"Single Family Residential","7514 Cornell Ave","University City","MO",63130,279900,3,2,"University City",1255,6874,1959,35,223,NA,"Active","","","http://www.redfin.com/MO/University-City/7514-Cornell-Ave-63130/home/93469321","MARIS","19089880","N","Y",38.6604781,-90.3331286,2020,1666
"MLS Listing",NA,"Single Family Residential","6824 Hancock Ave","St Louis","MO",63139,249900,3,3,"South City",1872,5184,1928,35,133,NA,"Active","","","http://www.redfin.com/MO/St-Louis/6824-Hancock-Ave-63139/home/85924807","MARIS","19089352","N","Y",38.6011321,-90.3070645,2020,1667
"MLS Listing",NA,"Single Family Residential","1328 Litzsinger Woods Ln","Ladue","MO",63124,1049000,4,4,"Ladue",4847,15246,1995,42,216,NA,"Active","","","http://www.redfin.com/MO/St-Louis/1328-Litzsinger-Woods-Ln-63124/home/93500654","MARIS","19088873","N","Y",38.6188403,-90.3717091,2020,1668
"MLS Listing",NA,"Single Family Residential","10419 Garibaldi","Frontenac","MO",63131,750000,4,4,"Ladue",2812,7405,NA,43,267,NA,"Active","","","http://www.redfin.com/MO/Frontenac/10419-Garibaldi-Pl-63131/home/169055989","MARIS","19086596","N","Y",38.647175,-90.4077514,2020,1669
"MLS Listing",NA,"Single Family Residential","7723 Dale Ave","Richmond Heights","MO",63117,524895,3,4,"Maplewood-Rchmnd Hts",2161,1612,NA,44,243,270,"Active","","","http://www.redfin.com/MO/Richmond-Heights/7723-Dale-Ave-63117/home/146503777","MARIS","19088198","N","Y",38.6279759,-90.326283,2020,1670
"MLS Listing",NA,"Single Family Residential","7727 Dale Ave","Richmond Heights","MO",63117,479000,3,3,"Maplewood-Rchmnd Hts",2135,NA,NA,44,224,270,"Active","","","http://www.redfin.com/MO/Richmond-Heights/7727-Dale-Ave-63117/home/170055409","MARIS","19088192","N","Y",38.6279248,-90.326367,2020,1671
"MLS Listing",NA,"Single Family Residential","7717 Dale Ave","Richmond Heights","MO",63117,459000,3,3,"Maplewood-Rchmnd Hts",2135,NA,NA,44,215,270,"Active","","","http://www.redfin.com/MO/Richmond-Heights/7717-Dale-Ave-63117/home/170055391","MARIS","19088204","N","Y",38.6279248,-90.3259505,2020,1672
"MLS Listing",NA,"Single Family Residential","7715 Dale Ave","Richmond Heights","MO",63117,489000,3,3,"Maplewood-Rchmnd Hts",2161,NA,NA,44,226,270,"Active","","","http://www.redfin.com/MO/Richmond-Heights/7715-Dale-Ave-63117/home/166990830","MARIS","19088202","N","Y",38.627975,-90.325863,2020,1673
"MLS Listing",NA,"Single Family Residential","3447 Commonwealth Ave","St Louis","MO",63143,175000,2,NA,"Maplewood-Rchmnd Hts",1550,6098,1910,44,113,NA,"Active","","","http://www.redfin.com/MO/Maplewood/3447-Commonwealth-Ave-63143/home/93508165","MARIS","19087607","N","Y",38.6037372,-90.3180184,2020,1674
"MLS Listing",NA,"Single Family Residential","7129 Piccadilly Ave","St Louis","MO",63143,259000,3,3,"South City",1950,4095,2007,45,133,NA,"Active","","","http://www.redfin.com/MO/St-Louis/7129-Picadilly-Ave-63143/home/93680487","MARIS","19086946","N","Y",38.6038622,-90.3146881,2020,1675
"MLS Listing",NA,"Condo/Co-op","8025 Maryland Ave Unit 4H","St Louis","MO",63105,625000,2,2,"Clayton",1320,392,2007,49,473,689,"Active","","","http://www.redfin.com/MO/Clayton/8025-Maryland-Ave-63105/unit-4H/home/62763965","MARIS","19086965","N","Y",38.652392,-90.340466,2020,1676
"MLS Listing",NA,"Condo/Co-op","540 North And South Rd #104","University City","MO",63130,495000,2,3,"University City",2053,1368,2006,51,241,650,"Active","","","http://www.redfin.com/MO/St-Louis/540-N-and-South-Rd-63130/unit-104/home/93325857","MARIS","19086335","N","Y",38.6583509,-90.3372947,2020,1677
"MLS Listing",NA,"Condo/Co-op","536 Rosedale Ave #102","St Louis","MO",63112,134500,2,1,"Central West",925,NA,1923,55,145,256,"Active","","","http://www.redfin.com/MO/St-Louis/536-Rosedale-Ave-63112/unit-102/home/93679434","MARIS","19086683","N","Y",38.6544374,-90.2959783,2020,1678
"MLS Listing",NA,"Single Family Residential","3 Saint Mary's Knl","Ladue","MO",63124,599000,3,3,"Ladue",2272,17337,1957,55,264,NA,"Active","","","http://www.redfin.com/MO/St-Louis/Unknown-63124/home/93478844","MARIS","19086394","N","Y",38.639954,-90.352763,2020,1679
"MLS Listing",NA,"Single Family Residential","656 Lewiston Dr","St Louis","MO",63122,724900,4,4,"Kirkwood",2656,10237,NA,57,273,NA,"Active","January-26-2020 01:00 PM","January-26-2020 03:00 PM","http://www.redfin.com/MO/Kirkwood/656-Lewiston-Dr-63122/home/93513012","MARIS","19086237","N","Y",38.5984151,-90.3918325,2020,1680
"MLS Listing",NA,"Condo/Co-op","8025 Maryland Ave Unit 3E","Clayton","MO",63105,699000,2,3,"Clayton",1832,514,2007,59,382,947,"Active","","","http://www.redfin.com/MO/Clayton/8025-Maryland-Ave-63105/unit-3E/home/93327431","MARIS","19086147","N","Y",38.652392,-90.340466,2020,1681
"MLS Listing",NA,"Single Family Residential","6446 Mccune Ave","St Louis","MO",63139,54900,2,1,"South City",1017,9104,1906,59,54,NA,"Active","","","http://www.redfin.com/MO/St-Louis/6446-McCune-Ave-63139/home/93707808","MARIS","19086084","N","Y",38.61142,-90.297593,2020,1682
"MLS Listing",NA,"Single Family Residential","16 Overbrook Dr","St Louis","MO",63124,1800000,5,6,"Ladue",4788,136778,1951,61,376,63,"Active","","","http://www.redfin.com/MO/St-Louis/16-Overbrook-Dr-63124/home/93500688","MARIS","19085689","N","Y",38.6162839,-90.3765642,2020,1683
"MLS Listing",NA,"Single Family Residential","704 Cornell Ave","St Louis","MO",63119,164000,4,1,"Webster Groves",1353,6882,1926,64,121,NA,"Active","","","http://www.redfin.com/MO/St-Louis/704-Cornell-Ave-63119/home/93509708","MARIS","19085416","N","Y",38.6035833,-90.3550334,2020,1684
"MLS Listing",NA,"Single Family Residential","7635 Westmoreland Ave","Clayton","MO",63105,2240000,4,5,"Clayton",4819,8276,NA,65,465,NA,"Active","January-26-2020 01:00 PM","January-26-2020 03:00 PM","http://www.redfin.com/MO/St-Louis/7635-Westmoreland-Ave-63105/home/93468024","MARIS","19084579","N","Y",38.652642,-90.333148,2020,1685
"MLS Listing",NA,"Single Family Residential","9731 Litzsinger Rd","Ladue","MO",63124,2800000,5,7,"Ladue",6000,66821,NA,65,467,NA,"Active","","","http://www.redfin.com/MO/St-Louis/9731-Litzsinger-Rd-63124/home/93489942","MARIS","19085169","N","Y",38.6234803,-90.3804851,2020,1686
"MLS Listing",NA,"Single Family Residential","821 Providence Ave","St Louis","MO",63119,238000,2,2,"Webster Groves",1369,7492,1925,69,174,NA,"Active","","","http://www.redfin.com/MO/Webster-Groves/821-Providence-Ave-63119/home/93509158","MARIS","19084443","N","Y",38.599513,-90.337444,2020,1687
"MLS Listing",NA,"Single Family Residential","7211 Stanford Ave","St Louis","MO",63130,349000,3,2,"University City",1839,5271,1930,69,190,NA,"Active","January-26-2020 01:00 PM","January-26-2020 03:00 PM","http://www.redfin.com/MO/University-City/7211-Stanford-Ave-63130/home/62716728","MARIS","19082545","N","Y",38.660395,-90.321993,2020,1688
"MLS Listing",NA,"Single Family Residential","8744 Rosalie Ave","St Louis","MO",63144,249900,3,2,"Brentwood",1755,11848,1911,70,142,NA,"Active","","","http://www.redfin.com/MO/St-Louis/8744-Rosalie-Ave-63144/home/93499092","MARIS","19083088","N","Y",38.6185966,-90.3471247,2020,1689
"MLS Listing",NA,"Single Family Residential","15 S Spoede Rd","St Louis","MO",63141,779000,4,4,"Ladue",3018,44867,1956,70,258,NA,"Active","January-26-2020 01:00 PM","January-26-2020 03:00 PM","http://www.redfin.com/MO/Creve-Coeur/15-S-Spoede-Rd-63141/home/93472927","MARIS","19083934","N","Y",38.654431,-90.415832,2020,1690
"MLS Listing",NA,"Single Family Residential","1412 Bredell Ave","St Louis","MO",63117,150000,2,1,"Maplewood-Rchmnd Hts",850,5097,1923,70,176,NA,"Active","","","http://www.redfin.com/MO/Richmond-Heights/1412-Bredell-Ave-63117/home/62739634","MARIS","19083883","N","Y",38.6268452,-90.3256154,2020,1691
"MLS Listing",NA,"Condo/Co-op","1313 Spring Snow Dr","Frontenac","MO",63131,1027313,3,4,"Ladue",3411,5271,NA,71,301,600,"Active","","","http://www.redfin.com/MO/Frontenac/1313-Spring-Snow-DR-63131/home/169790768","MARIS","19084079","N","Y",38.633924,-90.413721,2020,1692
"MLS Listing",NA,"Condo/Co-op","8052 Davis Dr Unit 2E","St Louis","MO",63105,160000,2,1,"Clayton",672,697,1941,71,238,361,"Active","","","http://www.redfin.com/MO/Clayton/8052-Davis-Dr-63105/unit-2E/home/169790766","MARIS","19082935","N","Y",38.6420109,-90.343804,2020,1693
"MLS Listing",NA,"Single Family Residential","5 Oakleigh Ln","St Louis","MO",63124,1345000,4,4,"Ladue",3834,63598,1930,71,351,83,"Active","","","http://www.redfin.com/MO/St-Louis/5-Oakleigh-Ln-63124/home/93471505","MARIS","19082239","N","Y",38.6553237,-90.3847126,2020,1694
"MLS Listing",NA,"Single Family Residential","9007 Pine Ave","Brentwood","MO",63144,239900,3,1,"Brentwood",1378,7405,1941,76,174,NA,"Active","","","http://www.redfin.com/MO/Brentwood/9007-Pine-Ave-63144/home/93488231","MARIS","19083320","N","Y",38.6228989,-90.3522325,2020,1695
"MLS Listing",NA,"Single Family Residential","6223 Marquette Ave","St Louis","MO",63139,195000,3,2,"South City",1472,3006,1930,76,132,NA,"Active","","","http://www.redfin.com/MO/St-Louis/6223-Marquette-Ave-63139/home/93749024","MARIS","19078179","N","Y",38.5998122,-90.2957423,2020,1696
"MLS Listing",NA,"Single Family Residential","625 County Hills Dr","St Louis","MO",63119,359900,4,3,"Webster Groves",2306,11761,1934,76,156,NA,"Active","","","http://www.redfin.com/MO/St-Louis/625-County-Hills-Dr-63119/home/93511975","MARIS","19082758","N","Y",38.6071503,-90.3680865,2020,1697
"MLS Listing",NA,"Single Family Residential","39 Hanley Downs Dr","St Louis","MO",63117,399900,3,3,"Brentwood",1508,8843,1954,77,265,21,"Active","","","http://www.redfin.com/MO/St-Louis/39-Hanley-Downs-63117/home/93490321","MARIS","19079536","N","Y",38.6308579,-90.3352564,2020,1698
"MLS Listing",NA,"Single Family Residential","521 Midvale Ave Ave","University City","MO",63130,549000,4,3,"University City",2665,7100,1927,80,206,25,"Active","","","http://www.redfin.com/MO/University-City/521-Midvale-Ave-63130/home/93468203","MARIS","19081958","N","Y",38.655388,-90.3247559,2020,1699
"MLS Listing",NA,"Single Family Residential","1405 Douglas Ave","St Louis","MO",63117,300000,3,3,"Maplewood-Rchmnd Hts",1441,6882,1964,80,208,NA,"Active","","","http://www.redfin.com/MO/St-Louis/1405-Douglas-Ave-63117/home/93486180","MARIS","19079717","N","Y",38.626335,-90.3310735,2020,1700
"MLS Listing",NA,"Single Family Residential","201 S Mcknight Rd","Ladue","MO",63124,7985000,5,8,"Ladue",10900,330708,1910,83,733,NA,"Active","","","http://www.redfin.com/MO/St-Louis/201-S-McKnight-Rd-63124/home/93326975","MARIS","19080413","N","Y",38.649675,-90.360163,2020,1701
"MLS Listing",NA,"Single Family Residential","7101 Ellendale Pl","St Louis","MO",63143,119900,2,2,"South City",1338,8207,1912,83,90,NA,"Active","","","http://www.redfin.com/MO/St-Louis/7101-Ellendale-Pl-63143/home/93743201","MARIS","19081640","N","Y",38.612699,-90.31072,2020,1702
"MLS Listing",NA,"Single Family Residential","34 Fair Oaks","St Louis","MO",63124,1595000,5,5,"Ladue",4514,38681,1934,83,353,31,"Active","","","http://www.redfin.com/MO/St-Louis/34-Fair-Oaks-Dr-63124/home/93490536","MARIS","19081660","N","Y",38.6332109,-90.362589,2020,1703
"MLS Listing",NA,"Single Family Residential","17 Upper Ladue Rd","Ladue","MO",63124,2099000,4,5,"Ladue",4824,87120,NA,83,435,33,"Active","","","http://www.redfin.com/MO/St-Louis/17-Upper-Ladue-Rd-63124/home/93626936","MARIS","19080086","N","Y",38.6456799,-90.3900845,2020,1704
"MLS Listing",NA,"Single Family Residential","1011 Kuhlman Ln","St Louis","MO",63119,233000,4,2,"Webster Groves",1368,18295,1923,84,170,NA,"Active","","","http://www.redfin.com/MO/Webster-Groves/1011-Kuhlman-Ln-63119/home/93508004","MARIS","19079531","N","Y",38.6025896,-90.3308889,2020,1705
"MLS Listing",NA,"Single Family Residential","7618 Teasdale Ave","University City","MO",63130,650000,4,3,"University City",2760,7013,1923,85,236,NA,"Active","January-26-2020 01:00 PM","January-26-2020 03:00 PM","http://www.redfin.com/MO/University-City/7618-Teasdale-Ave-63130/home/93471371","MARIS","19080333","N","Y",38.6580529,-90.3362151,2020,1706
"MLS Listing",NA,"Single Family Residential","1178 Wagner Pl","Rock Hill","MO",63119,619900,5,5,"Webster Groves",3614,12197,2000,85,172,NA,"Active","","","http://www.redfin.com/MO/St-Louis/1178-Wagner-Pl-63119/home/93627172","MARIS","19079228","N","Y",38.6103171,-90.3711942,2020,1707
"MLS Listing",NA,"Vacant Land","8694 W Kingsbury Ave","St Louis","MO",63124,200000,NA,NA,"University City",NA,9365,NA,86,NA,NA,"Active","","","http://www.redfin.com/MO/St-Louis/8694-W-Kingsbury-Ave-63124/home/62686557","MARIS","19079813","N","Y",38.6583678,-90.3611917,2020,1708
"MLS Listing",NA,"Single Family Residential","7288 Westmoreland Dr","St Louis","MO",63130,487500,3,2,"University City",2036,12284,1913,87,239,9,"Active","","","http://www.redfin.com/MO/University-City/7288-Westmoreland-Dr-63130/home/93468421","MARIS","19078879","N","Y",38.6509349,-90.323848,2020,1709
"MLS Listing",NA,"Single Family Residential","6115 Lindell Blvd","St Louis","MO",63112,1395000,6,7,"Central West",6992,52708,1925,87,200,NA,"Active","","","http://www.redfin.com/MO/St-Louis/6115-Lindell-Blvd-63112/home/93763516","MARIS","19079429","N","Y",38.6477537,-90.2975918,2020,1710
"MLS Listing",NA,"Condo/Co-op","8025 Maryland Ave Unit 15C","St Louis","MO",63105,2735000,2,3,"Clayton",4021,1220,2006,91,680,2296,"Active","","","http://www.redfin.com/MO/Clayton/8025-Maryland-Ave-63105/unit-15C/home/93326977","MARIS","19078884","N","Y",38.652392,-90.340466,2020,1711
"MLS Listing",NA,"Single Family Residential","431 Tuxedo Blvd","Webster Groves","MO",63119,485000,3,3,"Webster Groves",2073,7971,1897,91,234,NA,"Active","January-26-2020 01:00 PM","January-26-2020 03:00 PM","http://www.redfin.com/MO/Webster-Groves/431-Tuxedo-Blvd-63119/home/93509628","MARIS","19078018","N","Y",38.602423,-90.346388,2020,1712
"MLS Listing",NA,"Single Family Residential","114 Pillar Ln","St Louis","MO",63141,725000,6,4,"Ladue",4036,73616,1958,92,180,NA,"Active","","","http://www.redfin.com/MO/Creve-Coeur/114-Pillar-Ln-63141/home/93472337","MARIS","19076174","N","Y",38.6528439,-90.4064897,2020,1713
"MLS Listing",NA,"Condo/Co-op","520 North And South Rd #103","St Louis","MO",63130,314900,1,2,"University City",1454,1350,2004,93,217,650,"Active","","","http://www.redfin.com/MO/St-Louis/520-N-and-South-Rd-63130/unit-103/home/93321719","MARIS","19078437","N","Y",38.6578059,-90.3373804,2020,1714
"MLS Listing",NA,"Condo/Co-op","7544 York Dr Unit 3E","Clayton","MO",63105,222000,2,2,"Clayton",1389,NA,1935,94,160,275,"Active","","","http://www.redfin.com/MO/Clayton/7544-York-Dr-63105/unit-3E/home/93627038","MARIS","19078449","N","Y",38.6381362,-90.3319345,2020,1715
"MLS Listing",NA,"Condo/Co-op","1732 Redbird Cv","St Louis","MO",63144,181400,2,1,"Brentwood",1004,NA,1951,97,181,214,"Active","","","http://www.redfin.com/MO/Brentwood/1732-Redbird-Cv-63144/home/93488596","MARIS","19077282","N","Y",38.625882,-90.354521,2020,1716
"MLS Listing",NA,"Single Family Residential","1727 Boneta Ave","St Louis","MO",63117,484900,4,3,"Maplewood-Rchmnd Hts",2575,7579,NA,97,188,NA,"Active","","","http://www.redfin.com/MO/Richmond-Heights/1727-Boneta-Ave-63117/home/62744505","MARIS","19077873","N","Y",38.622535,-90.3198413,2020,1717
"MLS Listing",NA,"Single Family Residential","1032 N Taylor","Kirkwood","MO",63122,738000,4,4,"Kirkwood",2549,8102,NA,97,290,NA,"Active","","","http://www.redfin.com/MO/Kirkwood/1032-N-Taylor-Ave-63122/home/93512646","MARIS","19077771","N","Y",38.5994367,-90.4035373,2020,1718
"MLS Listing",NA,"Single Family Residential","6435 Marquette Ave","St Louis","MO",63139,80000,1,1,"South City",628,3572,1918,98,127,NA,"Active","","","http://www.redfin.com/MO/St-Louis/6435-Marquette-Ave-63139/home/93749091","MARIS","19077243","N","Y",38.6002828,-90.2985613,2020,1719
"MLS Listing",NA,"Single Family Residential","6 Fielding","Ladue","MO",63124,575000,4,3,"Ladue",3308,48744,1952,99,174,42,"Active","January-26-2020 01:00 AM","January-26-2020 03:00 AM","http://www.redfin.com/MO/St-Louis/6-Fielding-Rd-63124/home/93472683","MARIS","19076951","N","Y",38.6601356,-90.391078,2020,1720
"MLS Listing",NA,"Single Family Residential","10111 Fieldcrest Ln","Ladue","MO",63124,885000,4,4,"Ladue",3000,14741,2020,100,295,NA,"Active","","","http://www.redfin.com/MO/St-Louis/10111-Fieldcrest-Ln-63124/home/93480224","MARIS","19076580","N","Y",38.6354719,-90.3991158,2020,1721
"MLS Listing",NA,"Single Family Residential","6464 San Bonita Ave","Clayton","MO",63105,710000,4,3,"Clayton",2396,5401,1920,101,296,NA,"Active","","","http://www.redfin.com/MO/Clayton/6464-San-Bonita-Ave-63105/home/93478298","MARIS","19076577","N","Y",38.635765,-90.311397,2020,1722
"MLS Listing",NA,"Single Family Residential","1336 Litzsinger Woods Ln","St Louis","MO",63124,945000,4,4,"Ladue",3648,57499,1993,101,259,250,"Active","","","http://www.redfin.com/MO/St-Louis/1336-Litzsinger-Woods-Ln-63124/home/93500655","MARIS","19076574","N","Y",38.6188277,-90.3714882,2020,1723
"MLS Listing",NA,"Single Family Residential","6926 Arthur Ave","St Louis","MO",63139,234900,3,2,"South City",1913,5706,1884,102,123,NA,"Active","","","http://www.redfin.com/MO/St-Louis/6926-Arthur-Ave-63139/home/93743522","MARIS","19075710","N","Y",38.6024035,-90.3086739,2020,1724
"MLS Listing",NA,"Single Family Residential","250 S Brentwood Blvd Unit 3-B","Clayton","MO",63105,289900,3,3,"Clayton",1971,NA,1940,103,147,566,"Active","","","http://www.redfin.com/MO/Clayton/250-S-Brentwood-Blvd-63105/unit-3B/home/93479878","MARIS","19076569","N","Y",38.646143,-90.3418101,2020,1725
"MLS Listing",NA,"Condo/Co-op","750 S Hanley Rd #170","Clayton","MO",63105,229900,1,1,"Clayton",829,NA,1992,104,277,430,"Active","","","http://www.redfin.com/MO/St-Louis/750-S-Hanley-Rd-63105/unit-170/home/93626846","MARIS","19075814","N","Y",38.6403614,-90.3345921,2020,1726
"MLS Listing",NA,"Single Family Residential","7 Arundel Pl","St Louis","MO",63105,515000,4,3,"Central West",2548,8102,1920,105,202,2,"Active","","","http://www.redfin.com/MO/St-Louis/7-Arundel-Pl-63105/home/93766549","MARIS","19075960","N","Y",38.6397377,-90.304085,2020,1727
"MLS Listing",NA,"Single Family Residential","7950 Teasdale Ave","St Louis","MO",63130,479900,3,3,"University City",1966,14140,1959,111,244,NA,"Active","","","http://www.redfin.com/MO/University-City/7950-Teasdale-Ave-63130/home/93470866","MARIS","19074630","N","Y",38.658765,-90.344014,2020,1728
"MLS Listing",NA,"Condo/Co-op","900 S Hanley Rd Unit 11B","St Louis","MO",63105,119900,1,1,"Clayton",1110,784,1964,111,108,795,"Active","","","http://www.redfin.com/MO/Clayton/900-S-Hanley-Rd-63105/unit-11B/home/93479406","MARIS","19074515","N","Y",38.6386869,-90.3353539,2020,1729
"MLS Listing",NA,"Single Family Residential","526 Mason Tbb","Webster Groves","MO",63119,659900,4,4,"Webster Groves",2558,6534,NA,112,258,NA,"Active","","","http://www.redfin.com/MO/Webster-Groves/526-Mason-Ave-63119/home/93509818","MARIS","19073836","N","Y",38.6055018,-90.3439692,2020,1730
"MLS Listing",NA,"Vacant Land","115 Madison Ave","St Louis","MO",63119,30000,NA,NA,"Webster Groves",NA,6970,NA,112,NA,NA,"Active","","","http://www.redfin.com/MO/Webster-Groves/115-Madison-Ave-63119/home/62776260","MARIS","19073800","N","Y",38.602317,-90.358506,2020,1731
"MLS Listing",NA,"Single Family Residential","839 Wenneker Dr","St Louis","MO",63124,419000,3,3,"Ladue",1910,14898,1954,113,219,NA,"Active","","","http://www.redfin.com/MO/St-Louis/839-Wenneker-Dr-63124/home/62724621","MARIS","19067961","N","Y",38.6414909,-90.3513378,2020,1732
"MLS Listing",NA,"Single Family Residential","9140 Ladue Rd","Ladue","MO",63124,643500,4,2,"Ladue",3351,44083,1953,114,192,NA,"Active","","","http://www.redfin.com/MO/St-Louis/9140-Ladue-Rd-63124/home/93471586","MARIS","19071998","N","Y",38.6531119,-90.3654572,2020,1733
"MLS Listing",NA,"Condo/Co-op","7747 Kingsbury #31","St Louis","MO",63105,289900,2,2,"Clayton",1257,1612,1943,118,231,475,"Active","","","http://www.redfin.com/MO/St-Louis/7747-Kingsbury-Blvd-63105/unit-31/home/93325827","MARIS","19072279","N","Y",38.6562579,-90.3352019,2020,1734
"MLS Listing",NA,"Condo/Co-op","7743 Kingsbury Blvd #11","St Louis","MO",63105,348900,2,3,"Clayton",1713,958,1943,118,204,573,"Active","January-26-2020 12:00 PM","January-26-2020 02:00 PM","http://www.redfin.com/MO/St-Louis/7743-Kingsbury-Blvd-63105/unit-11/home/93325845","MARIS","19072250","N","Y",38.6562579,-90.3352019,2020,1735
"MLS Listing",NA,"Single Family Residential","211 N Bemiston Ave","Clayton","MO",63105,1575000,3,5,"Clayton",3887,7405,1988,118,405,NA,"Active","","","http://www.redfin.com/MO/Clayton/211-N-Bemiston-Ave-63105/home/93470273","MARIS","19070688","N","Y",38.6547751,-90.3365826,2020,1736
"MLS Listing",NA,"Single Family Residential","7397 Pershing Ave Unit A","University City","MO",63130,775000,2,4,"University City",3036,4530,2001,120,255,785,"Active","","","http://www.redfin.com/MO/University-City/7397-Pershing-Ave-63130/unit-A/home/93626264","MARIS","19071861","N","Y",38.6538736,-90.3290751,2020,1737
"MLS Listing",NA,"Condo/Co-op","550 S Brentwood Unit 2E","St Louis","MO",63105,320000,2,2,"Clayton",1604,3049,1961,120,200,450,"Active","","","http://www.redfin.com/MO/Clayton/550-S-Brentwood-Blvd-63105/unit-2E/home/62731057","MARIS","19072306","N","Y",38.6433139,-90.343022,2020,1738
"MLS Listing",NA,"Single Family Residential","7159 Waterman Ave","University City","MO",63130,440000,3,3,"University City",2120,7013,1936,120,208,NA,"Active","January-26-2020 01:00 PM","January-26-2020 03:00 PM","http://www.redfin.com/MO/University-City/7159-Waterman-Ave-63130/home/93468294","MARIS","19071304","N","Y",38.6538785,-90.3203442,2020,1739
"MLS Listing",NA,"Condo/Co-op","2752 Mcknight Crossing Ct","Rock Hill","MO",63124,139900,1,1,"Webster Groves",729,3419,2007,122,192,220,"Active","","","http://www.redfin.com/MO/St-Louis/2752-Mcknight-Crossing-Ct-63124/home/93327367","MARIS","19071600","N","Y",38.6149735,-90.3623262,2020,1740
"MLS Listing",NA,"Single Family Residential","10 Larkdale Dr","Ladue","MO",63124,2295000,4,5,"Ladue",6547,32670,2019,125,351,NA,"Active","","","http://www.redfin.com/MO/St-Louis/10-Larkdale-Dr-63124/home/93472232","MARIS","19069963","N","Y",38.6601144,-90.3724263,2020,1741
"MLS Listing",NA,"Single Family Residential","6906 Washington Ave","St Louis","MO",63130,835000,4,4,"University City",4077,10498,1911,125,205,NA,"Active","","","http://www.redfin.com/MO/University-City/6906-Washington-Ave-63130/home/62758025","MARIS","19070151","N","Y",38.6550678,-90.3121725,2020,1742
"MLS Listing",NA,"Single Family Residential","8400 Louwen Dr","St Louis","MO",63124,434900,3,3,"Ladue",1344,23827,1954,125,324,13,"Active","","","http://www.redfin.com/MO/St-Louis/8400-Louwen-Dr-63124/home/62750346","MARIS","19069928","N","Y",38.6395331,-90.3516881,2020,1743
"MLS Listing",NA,"Single Family Residential","11 Spoede Ln","St Louis","MO",63141,2175000,4,6,"Ladue",5400,36155,NA,126,403,NA,"Active","","","http://www.redfin.com/MO/Creve-Coeur/11-Spoede-Ln-63141/home/93473307","MARIS","19070396","N","Y",38.6600016,-90.4180963,2020,1744
"MLS Listing",NA,"Single Family Residential","7103 Waterman Ave","University City","MO",63130,525000,5,4,"University City",3682,8407,1915,127,143,NA,"Active","","","http://www.redfin.com/MO/St-Louis/7103-Waterman-Ave-63130/home/93468281","MARIS","19068018","N","Y",38.6536592,-90.3181221,2020,1745
"MLS Listing",NA,"Single Family Residential","18 Pine Valley Dr","St Louis","MO",63124,4750000,5,7,"Ladue",7954,87120,1940,127,597,94,"Active","","","http://www.redfin.com/MO/St-Louis/18-Pine-Valley-Dr-63124/home/93480438","MARIS","19070843","N","Y",38.6475996,-90.372886,2020,1746
"MLS Listing",NA,"Condo/Co-op","520 S Brentwood Blvd Unit 2D","Clayton","MO",63105,199900,2,2,"Clayton",1590,1830,1962,127,126,605,"Active","","","http://www.redfin.com/MO/Clayton/520-S-Brentwood-Blvd-63105/unit-2D/home/93479643","MARIS","19069272","N","Y",38.643973,-90.342643,2020,1747
"MLS Listing",NA,"Single Family Residential","20 Upper Warson Rd","St Louis","MO",63124,10900000,6,10,"Ladue",14054,202990,2007,133,776,83,"Active","","","http://www.redfin.com/MO/St-Louis/20-Upper-Warson-Dr-63124/home/93631107","MARIS","19058520","N","Y",38.6183608,-90.3931203,2020,1748
"MLS Listing",NA,"Single Family Residential","","St Louis","MO",63139,149900,2,1,"",798,5576,1953,134,188,NA,"Active","","","http://www.redfin.com/MO/St-Louis/Undisclosed-address-63139/home/168984860","MARIS","19069068","N","Y",38.6159025,-90.2948797,2020,1749
"MLS Listing",NA,"Single Family Residential","8817 Washington Ave","St Louis","MO",63124,788000,5,5,"University City",3031,11674,NA,134,260,NA,"Active","","","http://www.redfin.com/MO/St-Louis/8817-Washington-Ave-63124/home/93471971","MARIS","19068845","N","Y",38.6599736,-90.3650711,2020,1750
"MLS Listing",NA,"Single Family Residential","14 Arundel Pl","St Louis","MO",63105,549900,4,3,"Central West",2500,8146,1914,136,220,NA,"Active","January-26-2020 01:00 PM","January-26-2020 03:00 PM","http://www.redfin.com/MO/St-Louis/14-Arundel-Pl-63105/home/83542123","MARIS","19062843","N","Y",38.6393324,-90.3046798,2020,1751
"MLS Listing",NA,"Single Family Residential","4 Upper Dromara","Ladue","MO",63124,1799000,5,7,"Ladue",5505,50094,2001,137,327,NA,"Active","","","http://www.redfin.com/MO/St-Louis/4-Upper-Dromara-Ln-63124/home/62753912","MARIS","19063904","N","Y",38.645111,-90.3578459,2020,1752
"MLS Listing",NA,"Single Family Residential","918 S Meramec Ave","Clayton","MO",63105,769000,4,4,"Clayton",2907,7841,1969,139,265,NA,"Active","","","http://www.redfin.com/MO/Clayton/918-S-Meramec-Ave-63105/home/82422214","MARIS","19067182","N","Y",38.638399,-90.340188,2020,1753
"MLS Listing",NA,"Condo/Co-op","139 Gay Ave","Clayton","MO",63105,364000,2,2,"Clayton",1600,NA,1978,142,228,415,"Active","January-26-2020 01:00 PM","January-26-2020 03:00 PM","http://www.redfin.com/MO/St-Louis/139-Gay-Ave-63105/home/93470405","MARIS","19036295","N","Y",38.6547209,-90.3487669,2020,1754
"MLS Listing",NA,"Single Family Residential","74 Berkshire Dr","Richmond Heights","MO",63117,1450000,5,5,"Ladue",4387,30056,NA,146,331,NA,"Active","","","http://www.redfin.com/MO/Richmond-Heights/74-Berkshire-Dr-63117/home/62712346","MARIS","19063973","N","Y",38.632438,-90.353891,2020,1755
"MLS Listing",NA,"Single Family Residential","800 Tavalon Ave","St Louis","MO",63119,298500,3,2,"Webster Groves",1733,9060,1957,147,172,NA,"Active","","","http://www.redfin.com/MO/St-Louis/800-Tavalon-Ave-63119/home/93511406","MARIS","19065911","N","Y",38.6031868,-90.3738331,2020,1756
"MLS Listing",NA,"Single Family Residential","543 Donne Ave","St Louis","MO",63130,392000,3,2,"University City",1684,7013,1928,149,233,NA,"Active","","","http://www.redfin.com/MO/University-City/543-Donne-Ave-63130/home/93471338","MARIS","19056726","N","Y",38.658611,-90.339119,2020,1757
"MLS Listing",NA,"Single Family Residential","18 Lynnbrook Rd","Frontenac","MO",63131,1466900,4,4,"Ladue",4130,43996,NA,152,355,NA,"Active","","","http://www.redfin.com/MO/Frontenac/18-Lynnbrook-Rd-63131/home/93480108","MARIS","19063726","N","Y",38.6373118,-90.4112295,2020,1758
"MLS Listing",NA,"Single Family Residential","11 Denny Ln","Huntleigh","MO",63131,1099900,4,6,"Kirkwood",4498,130680,1972,153,245,NA,"Active","","","http://www.redfin.com/MO/St-Louis/11-Denny-Ln-63131/home/62729776","MARIS","19063656","N","Y",38.616026,-90.4048241,2020,1759
"MLS Listing",NA,"Single Family Residential","129 E Maple Ave","Kirkwood","MO",63122,875000,5,5,"Kirkwood",2847,13630,NA,153,307,NA,"Active","","","http://www.redfin.com/MO/Kirkwood/129-E-Maple-Ave-63122/home/93512776","MARIS","19062341","N","Y",38.599211,-90.4046308,2020,1760
"MLS Listing",NA,"Single Family Residential","3 Magnolia Dr","Ladue","MO",63124,849000,3,4,"Ladue",2767,7405,2003,154,307,NA,"Active","","","http://www.redfin.com/MO/St-Louis/3-Magnolia-Dr-63124/unit-A/home/93631159","MARIS","19062371","N","Y",38.6385169,-90.3876324,2020,1761
"MLS Listing",NA,"Single Family Residential","8 Radnor Rd","Huntleigh","MO",63131,3750000,6,9,"Kirkwood",10270,130680,1939,159,365,NA,"Active","","","http://www.redfin.com/MO/St-Louis/8-Radnor-Rd-63131/home/93501019","MARIS","19060510","N","Y",38.6178931,-90.4100514,2020,1762
"MLS Listing",NA,"Single Family Residential","7436 University","University City","MO",63130,385000,4,2,"University City",2027,5401,1925,160,190,4,"Active","January-26-2020 01:00 PM","January-26-2020 03:00 PM","http://www.redfin.com/MO/University-City/7436-University-Dr-63130/home/93467932","MARIS","19060803","N","Y",38.6528599,-90.331387,2020,1763
"MLS Listing",NA,"Condo/Co-op","150 Carondelet #901","Clayton","MO",63105,1399000,2,3,"Clayton",2647,261,2002,160,529,1558,"Active","","","http://www.redfin.com/MO/St-Louis/150-Carondelet-Plz-63105/unit-901/home/62762589","MARIS","19061685","N","Y",38.6478858,-90.3322292,2020,1764
"MLS Listing",NA,"Single Family Residential","7755 Folk Ave","Maplewood","MO",63143,175000,3,2,"Maplewood-Rchmnd Hts",1200,12602,1918,161,146,NA,"Active","","","http://www.redfin.com/MO/Maplewood/7755-Folk-Ave-63143/home/76770298","MARIS","19056199","N","Y",38.6197282,-90.3281319,2020,1765
"MLS Listing",NA,"Vacant Land","545 Leonard Tbb","Webster Groves","MO",63119,125000,NA,NA,"Webster Groves",NA,44431,NA,164,NA,NA,"Active","","","http://www.redfin.com/MO/St-Louis/545-Leonard-Ave-63119/home/147674137","MARIS","19059513","N","Y",38.6025933,-90.3719253,2020,1766
"MLS Listing",NA,"Condo/Co-op","155 Carondelet Plz #803","St Louis","MO",63105,1390000,3,3,"Clayton",2919,1045,2007,167,476,1722,"Active","January-26-2020 12:00 PM","January-26-2020 02:00 PM","http://www.redfin.com/MO/St-Louis/155-Carondelet-Plz-63105/unit-803/home/62745864","MARIS","19059364","N","Y",38.6489304,-90.3328119,2020,1767
"MLS Listing",NA,"Single Family Residential","30 Oak Bend Ct","Ladue","MO",63124,849000,3,3,"Ladue",3312,25047,1957,175,256,21,"Active","","","http://www.redfin.com/MO/St-Louis/30-Oak-Bend-Ct-63124/home/93490085","MARIS","19057060","N","Y",38.623139,-90.3749349,2020,1768
"MLS Listing",NA,"Single Family Residential","3237 Childress Ave","St Louis","MO",63139,120000,2,1,"South City",1023,4443,1928,176,117,NA,"Active","","","http://www.redfin.com/MO/St-Louis/3237-Childress-Ave-63139/home/93776363","MARIS","19057564","N","Y",38.6036599,-90.297097,2020,1769
"MLS Listing",NA,"Condo/Co-op","7561 Oxford Dr Unit 3N","Clayton","MO",63105,139500,1,1,"Clayton",810,1028,1929,181,172,229,"Active","","","http://www.redfin.com/MO/St-Louis/7561-Oxford-Dr-63105/unit-3N/home/93631220","MARIS","19054748","N","Y",38.6400884,-90.3325516,2020,1770
"MLS Listing",NA,"Single Family Residential","545 Leonard Ave Unit TBB","Webster Groves","MO",63119,539900,3,3,"Webster Groves",2085,44431,NA,195,259,NA,"Active","","","http://www.redfin.com/MO/St-Louis/545-Leonard-Ave-63119/unit-TBB/home/161038148","MARIS","19052899","N","Y",38.6025933,-90.3719253,2020,1771
"MLS Listing",NA,"Single Family Residential","1 Lindworth Dr","St Louis","MO",63124,579900,3,4,"Ladue",3265,38768,1950,196,178,60,"Active","January-26-2020 01:00 PM","January-26-2020 03:00 PM","http://www.redfin.com/MO/St-Louis/1-Lindworth-Dr-63124/home/62765896","MARIS","19052538","N","Y",38.6290284,-90.3636186,2020,1772
"MLS Listing",NA,"Single Family Residential","250 S Brentwood Blvd Unit 2H","St Louis","MO",63105,309500,3,3,"Clayton",1965,1133,1941,196,158,541,"Active","","","http://www.redfin.com/MO/Clayton/250-S-Brentwood-Blvd-63105/unit-2H/home/62752612","MARIS","19052483","N","Y",38.646143,-90.3418101,2020,1773
"MLS Listing",NA,"Single Family Residential","582 N Laclede Station Rd","Webster Groves","MO",63119,209900,3,3,"Webster Groves",1740,7884,NA,202,121,NA,"Active","January-26-2020 01:00 PM","January-26-2020 03:00 PM","http://www.redfin.com/MO/Webster-Groves/582-N-Laclede-Station-Rd-63119/home/93507847","MARIS","19048677","N","Y",38.5993492,-90.3309976,2020,1774
"MLS Listing",NA,"Single Family Residential","28 Midpark Ln","Ladue","MO",63124,995000,5,5,"Ladue",2800,7405,NA,208,355,NA,"Active","","","http://www.redfin.com/MO/St-Louis/28-Midpark-Ln-63124/home/93480470","MARIS","19048595","N","Y",38.6363831,-90.3881793,2020,1775
"MLS Listing",NA,"Single Family Residential","820 Greeley Ave","Webster Groves","MO",63119,279000,3,3,"Webster Groves",1530,7501,1925,211,182,NA,"Active","","","http://www.redfin.com/MO/Webster-Groves/820-Greeley-Ave-63119/home/93509144","MARIS","19047776","N","Y",38.6000267,-90.3373427,2020,1776
"MLS Listing",NA,"Single Family Residential","7948 Park Dr","Richmond Heights","MO",63117,1550000,4,3,"Maplewood-Rchmnd Hts",4445,37462,1928,217,349,13,"Active","","","http://www.redfin.com/MO/Richmond-Heights/7948-Park-Dr-63117/home/93477196","MARIS","19044086","N","Y",38.6352693,-90.3291845,2020,1777
"MLS Listing",NA,"Single Family Residential","28 Overbrook Dr","Ladue","MO",63124,2995000,6,8,"Ladue",9159,99752,2002,223,327,NA,"Active","","","http://www.redfin.com/MO/St-Louis/28-Overbrook-Dr-63124/home/93500685","MARIS","19044520","N","Y",38.6190717,-90.37627,2020,1778
"MLS Listing",NA,"Single Family Residential","876 Hodiamont Ave","St Louis","MO",63112,650000,2,3,"Central West",7000,20735,1943,227,93,9,"Active","","","http://www.redfin.com/MO/St-Louis/876-Hodiamont-Ave-63112/home/167073217","MARIS","19043059","N","Y",38.6593903,-90.2958158,2020,1779
"MLS Listing",NA,"Condo/Co-op","6 Arbors At Frontenac","Frontenac","MO",63131,850900,3,4,"Ladue",3411,5227,NA,228,249,600,"Active","","","http://www.redfin.com/MO/Frontenac/10601-Clayton-Rd-63131/home/160365663","MARIS","19042834","N","Y",38.6336552,-90.4133394,2020,1780
"MLS Listing",NA,"Single Family Residential","29 W Brentmoor Park","Clayton","MO",63105,3199000,5,8,"Clayton",8876,65776,1929,230,360,NA,"Active","","","http://www.redfin.com/MO/Clayton/29-Brentmoor-Park-63105/home/93478492","MARIS","19041027","N","Y",38.6461878,-90.3240726,2020,1781
"MLS Listing",NA,"Single Family Residential","358 Hillside Ave","St Louis","MO",63119,249900,2,2,"Webster Groves",911,8668,1910,231,274,NA,"Active","","","http://www.redfin.com/MO/Webster-Groves/358-Hillside-Ave-63119/home/88621007","MARIS","19042262","N","Y",38.5994315,-90.3588202,2020,1782
"MLS Listing",NA,"Single Family Residential","3 Edgewood Rd","Ladue","MO",63124,2295000,5,6,"Ladue",6973,88862,1930,237,329,NA,"Active","","","http://www.redfin.com/MO/St-Louis/3-Edgewood-Rd-63124/home/62691683","MARIS","19040326","N","Y",38.6506514,-90.3653554,2020,1783
"MLS Listing",NA,"Vacant Land","9714 Litzsinger Rd","Ladue","MO",63124,1490000,NA,NA,"Ladue",NA,206474,NA,248,NA,NA,"Active","","","http://www.redfin.com/MO/St-Louis/9714-Litzsinger-Rd-63124/home/62776193","MARIS","19036128","N","Y",38.621441,-90.378399,2020,1784
"MLS Listing",NA,"Vacant Land","9710 Litzsinger Rd","Ladue","MO",63124,1490000,NA,NA,"Ladue",NA,206474,NA,248,NA,NA,"Active","","","http://www.redfin.com/MO/St-Louis/9710-Litzsinger-Rd-63124/home/62776192","MARIS","19036125","N","Y",38.621343,-90.377915,2020,1785
"MLS Listing",NA,"Single Family Residential","45 Huntleigh Woods","St Louis","MO",63131,1350000,3,4,"Ladue",2806,129373,1959,248,481,42,"Active","","","http://www.redfin.com/MO/St-Louis/45-Huntleigh-Woods-63131/home/93501916","MARIS","19035951","N","Y",38.6196829,-90.4138803,2020,1786
"MLS Listing",NA,"Single Family Residential","61 Conway Close Rd","St Louis","MO",63124,849999,3,4,"Ladue",3041,13504,1986,249,280,375,"Active","","","http://www.redfin.com/MO/St-Louis/61-Conway-Close-Rd-63124/home/93480557","MARIS","19016809","N","Y",38.6386297,-90.3912252,2020,1787
"MLS Listing",NA,"Single Family Residential","12 Wakefield Dr","Ladue","MO",63124,765000,5,5,"Ladue",3942,36939,1952,254,194,42,"Active","","","http://www.redfin.com/MO/St-Louis/12-Wakefield-Dr-63124/home/69839269","MARIS","19035896","N","Y",38.62557,-90.3688405,2020,1788
"MLS Listing",NA,"Single Family Residential","840 Marshall Ave","St Louis","MO",63119,249900,3,3,"Webster Groves",1600,6839,1921,258,156,NA,"Active","January-26-2020 01:00 PM","January-26-2020 03:00 PM","http://www.redfin.com/MO/Webster-Groves/840-Marshall-Ave-63119/home/62736284","MARIS","19034757","N","Y",38.6036199,-90.3356088,2020,1789
"MLS Listing",NA,"Vacant Land","7117 Forsyth Blvd","St Louis","MO",63105,399000,NA,NA,"University City",NA,8276,NA,283,NA,NA,"Active","","","http://www.redfin.com/MO/Clayton/7117-Forsyth-Blvd-63105/home/162210367","MARIS","19025535","N","Y",38.6480463,-90.3194382,2020,1790
"MLS Listing",NA,"Single Family Residential","120 Linden Ave","Clayton","MO",63105,3750000,4,7,"Clayton",5469,16200,2015,283,686,NA,"Active","","","http://www.redfin.com/MO/Clayton/120-Linden-Ave-63105/home/93470590","MARIS","19025510","N","Y",38.652211,-90.334739,2020,1791
"MLS Listing",NA,"Condo/Co-op","709 S Skinker #701","St Louis","MO",63105,269000,3,3,"Central West",2500,NA,1928,284,108,1507,"Active","","","http://www.redfin.com/MO/St-Louis/709-S-Skinker-Blvd-63105/unit-701/home/148637739","MARIS","19013427","N","Y",38.637034,-90.304023,2020,1792
"MLS Listing",NA,"Single Family Residential","42 Huntleigh Woods Dr","Huntleigh","MO",63131,6850000,5,9,"Ladue",12459,101974,2012,286,550,NA,"Active","","","http://www.redfin.com/MO/St-Louis/42-Huntleigh-Woods-63131/home/93491123","MARIS","19025894","N","Y",38.6231244,-90.4141013,2020,1793
"MLS Listing",NA,"Single Family Residential","2 Chaminade Dr","St Louis","MO",63141,1450000,4,6,"Ladue",4346,21344,2019,290,334,NA,"Active","","","http://www.redfin.com/MO/Creve-Coeur/2-Chaminade-Dr-63141/home/93626566","MARIS","19024421","N","Y",38.6513715,-90.4146719,2020,1794
"MLS Listing",NA,"Single Family Residential","4 Deacon Dr","Huntleigh","MO",63131,1590000,6,7,"Kirkwood",7270,216058,1938,293,219,NA,"Active","","","http://www.redfin.com/MO/St-Louis/4-Deacon-Dr-63131/home/93500873","MARIS","19023075","N","Y",38.607659,-90.402534,2020,1795
"MLS Listing",NA,"Single Family Residential","12 Granada Way","Ladue","MO",63124,1065000,5,6,"Ladue",4380,14985,1936,297,243,30,"Active","","","http://www.redfin.com/MO/St-Louis/12-Granada-Way-63124/home/93471802","MARIS","19022105","N","Y",38.6567623,-90.3704035,2020,1796
"MLS Listing",NA,"Condo/Co-op","8253 Parkside Unit 4F","Clayton","MO",63105,2650000,4,4,"Clayton",3739,NA,2008,297,709,1193,"Active","","","http://www.redfin.com/MO/St-Louis/8253-Parkside-Dr-63105/unit-4-F/home/93329260","MARIS","19017326","N","Y",38.6499193,-90.3441763,2020,1797
"MLS Listing",NA,"Single Family Residential","6936 Amherst","University City","MO",63130,1049000,5,5,"University City",3500,10890,NA,319,300,NA,"Active","","","http://www.redfin.com/MO/University-City/6936-Amherst-Ave-63130/home/160648649","MARIS","19015299","N","Y",38.6605568,-90.3126255,2020,1798
"MLS Listing",NA,"Single Family Residential","5 Apple Tree Ln","Ladue","MO",63124,2250000,7,8,"Ladue",8270,124582,1972,333,272,200,"Active","","","http://www.redfin.com/MO/St-Louis/5-Apple-Tree-Ln-63124/home/62697756","MARIS","19010753","N","Y",38.6512567,-90.3944818,2020,1799
"MLS Listing",NA,"Single Family Residential","6308 Fyler","St Louis","MO",63139,335000,4,4,"South City",1900,3136,NA,336,176,NA,"Active","January-26-2020 01:00 PM","January-26-2020 03:00 PM","http://www.redfin.com/MO/St-Louis/6308-Fyler-Ave-63139/home/93743108","MARIS","19007375","N","Y",38.602123,-90.295999,2020,1800
"MLS Listing",NA,"Vacant Land","132 N Brentwood Blvd","Clayton","MO",63105,825000,NA,NA,"Clayton",NA,6303,NA,353,NA,NA,"Active","","","http://www.redfin.com/MO/Clayton/132-N-Brentwood-Blvd-63105/home/160389417","MARIS","19006698","N","Y",38.6526796,-90.340514,2020,1801
"MLS Listing",NA,"Vacant Land","136 N Brentwood Blvd","Clayton","MO",63105,825000,NA,NA,"Clayton",NA,6094,NA,353,NA,NA,"Active","","","http://www.redfin.com/MO/Clayton/136-N-Brentwood-Blvd-63105/home/160705792","MARIS","19006696","N","Y",38.652715,-90.3404986,2020,1802
"MLS Listing",NA,"Single Family Residential","18 Huntleigh Woods","Huntleigh","MO",63131,3995000,4,7,"Ladue",6517,89298,1999,412,613,NA,"Active","","","http://www.redfin.com/MO/St-Louis/18-Huntleigh-Woods-63131/home/93490667","MARIS","18091590","N","Y",38.6237882,-90.4120578,2020,1803
"MLS Listing",NA,"Single Family Residential","1 Denny Ln","Huntleigh","MO",63131,4975000,3,3,"Kirkwood",3046,170755,1956,436,1633,NA,"Active","","","http://www.redfin.com/MO/St-Louis/1-Denny-Ln-63131/home/69385088","MARIS","18089828","N","Y",38.6170192,-90.4046661,2020,1804
"MLS Listing",NA,"Single Family Residential","15 Pine Valley Dr","Ladue","MO",63124,2950000,6,8,"Ladue",9837,87120,1928,486,300,NA,"Active","","","http://www.redfin.com/MO/St-Louis/15-Pine-Valley-Dr-63124/home/93480439","MARIS","18076582","N","Y",38.646968,-90.3718378,2020,1805
"MLS Listing",NA,"Single Family Residential","8 Robindale Dr","Ladue","MO",63124,2089000,4,5,"Ladue",5300,32234,NA,580,394,NA,"Active","","","http://www.redfin.com/MO/St-Louis/8-Robindale-Dr-63124/home/93472199","MARIS","18050560","N","Y",38.65913,-90.3728677,2020,1806
"MLS Listing",NA,"Single Family Residential","9625 Ladue Rd","Ladue","MO",63124,5800000,5,9,"Ladue",8332,348480,1926,587,696,NA,"Active","","","http://www.redfin.com/MO/St-Louis/9625-Ladue-Rd-63124/home/93472388","MARIS","18048382","N","Y",38.654654,-90.389111,2020,1807
"MLS Listing",NA,"Single Family Residential","12 Glenview Rd","Ladue","MO",63124,1645000,4,7,"Ladue",6037,60984,1959,916,272,NA,"Active","","","http://www.redfin.com/MO/St-Louis/12-Glenview-Dr-63124/home/62728479","MARIS","17058172","N","Y",38.6570378,-90.3927378,2020,1808
"MLS Listing",NA,"Vacant Land","9052 Clayton Rd","Richmond Heights","MO",63117,375000,NA,NA,"Ladue",NA,18086,NA,1113,NA,NA,"Active","","","http://www.redfin.com/MO/Richmond-Heights/9052-Clayton-Rd-63117/home/109673235","MARIS","17000809","N","Y",38.640032,-90.3592024,2020,1809
"For-Sale-by-Owner Listing",NA,"Condo/Co-op","8933 S Swan Cir","St. Louis","MO",63144,349000,3,1.5,"Saint Louis",1790,NA,1950,103,195,NA,"Active","","","http://www.redfin.com/MO/St-Louis/8933-S-Swan-Cir-63144/home/93488741","Fizber.com","5035335","N","Y",38.6243735,-90.3508273,2020,1810
"New Construction Plan",NA,"Single Family Residential","Plan 10440","Saint Louis","MO",63105,590000,4,3.5,"Freeman Homes",NA,NA,NA,NA,NA,NA,"Active","","","http://www.redfin.com/MO/Clayton/Freeman-Homes/Plan-10440/home/170030240","NewHomeSource.com","Plan-101744510","N","Y",38.6386323,-90.3446124,2020,1811
"New Construction Plan",NA,"Single Family Residential","Plan 1524","Saint Louis","MO",63105,1039000,4,3.5,"Freeman Homes",NA,NA,NA,NA,NA,NA,"Active","","","http://www.redfin.com/MO/Clayton/Freeman-Homes/Plan-1524/home/170030239","NewHomeSource.com","Plan-101744512","N","Y",38.6386323,-90.3446124,2020,1812
"New Construction Plan",NA,"Single Family Residential","Plan 702","Saint Louis","MO",63105,1285000,4,3.5,"Freeman Homes",NA,NA,NA,NA,NA,NA,"Active","","","http://www.redfin.com/MO/Clayton/Freeman-Homes/Plan-702/home/170030238","NewHomeSource.com","Plan-101744513","N","Y",38.6386323,-90.3446124,2020,1813
"New Construction Plan",NA,"Single Family Residential","Plan 9030","Saint Louis","MO",63105,525000,4,2.5,"Freeman Homes",NA,NA,NA,NA,NA,NA,"Active","","","http://www.redfin.com/MO/Clayton/Freeman-Homes/Plan-9030/home/170030241","NewHomeSource.com","Plan-100822052","N","Y",38.6386323,-90.3446124,2020,1814
"MLS Listing",NA,"Multi-Family (2-4 Unit)","1491 Ferguson Ave","St Louis","MO",63133,54900,1,1,"Normandy",1440,7754,1947,1,38,NA,"Active","","","http://www.redfin.com/MO/St-Louis/1491-Ferguson-Ave-63133/home/93444481","MARIS","20008176","N","Y",38.6854079,-90.305875,2020,1815
"MLS Listing",NA,"Single Family Residential","950 Shandel Dr","St Louis","MO",63132,300000,3,3,"University City",1940,14505,1949,2,155,NA,"Active","","","http://www.redfin.com/MO/St-Louis/950-Shandel-Dr-63132/home/93459846","MARIS","20008100","N","Y",38.66743,-90.3507323,2020,1816
"MLS Listing",NA,"Single Family Residential","1125 Dielman Rd","Olivette","MO",63132,549900,4,4,"Ladue",1906,78408,NA,2,289,250,"Active","","","http://www.redfin.com/MO/Olivette/1125-Dielman-Rd-63132/home/93462451","MARIS","20008052","N","Y",38.6754882,-90.3764989,2020,1817
"MLS Listing",NA,"Single Family Residential","6316 Pershing Ave","St Louis","MO",63130,539900,5,4,"Central West",2651,7100,1907,3,204,NA,"Active","","","http://www.redfin.com/MO/University-City/6316-Pershing-Ave-63130/home/93467528","MARIS","20007998","N","Y",38.649965,-90.303443,2020,1818
"MLS Listing",NA,"Single Family Residential","7624 Stanford Ave","St Louis","MO",63130,374900,3,2,"University City",1668,6490,1939,3,225,NA,"Active","","","http://www.redfin.com/MO/University-City/7624-Stanford-Ave-63130/home/62753249","MARIS","20007909","N","Y",38.6617375,-90.3367296,2020,1819
"MLS Listing",NA,"Single Family Residential","1527 Bradford Ave","St Louis","MO",63133,149900,4,2,"Normandy",1186,6839,1911,3,126,NA,"Active","","","http://www.redfin.com/MO/St-Louis/1527-Bradford-Ave-63133/home/93445787","MARIS","20007679","N","Y",38.677257,-90.3223645,2020,1820
"MLS Listing",NA,"Single Family Residential","6901 Kingsbury Blvd","University City","MO",63130,624900,3,4,"University City",2755,17860,1925,3,227,14,"Active","","","http://www.redfin.com/MO/University-City/6901-Kingsbury-Blvd-63130/home/93468775","MARIS","20007700","N","Y",38.654366,-90.31171,2020,1821
"MLS Listing",NA,"Condo/Co-op","7901 Kingsbury Blvd","Clayton","MO",63105,810000,3,4,"Clayton",2538,4704,1999,3,319,500,"Active","","","http://www.redfin.com/MO/Clayton/7901-Kingsbury-Blvd-63105/home/93626555","MARIS","20004894","N","Y",38.6556524,-90.3377401,2020,1822
"MLS Listing",NA,"Condo/Co-op","701 S Skinker Blvd #501","St Louis","MO",63105,399900,3,3,"Central West",2500,NA,1927,4,160,1507,"Active","","","http://www.redfin.com/MO/St-Louis/701-S-Skinker-Blvd-63105/unit-501/home/93773878","MARIS","20005955","N","Y",38.6368579,-90.3051,2020,1823
"MLS Listing",NA,"Single Family Residential","35 Magnolia","Ladue","MO",63124,989900,5,5,"Ladue",2564,7200,NA,4,386,NA,"Active","","","http://www.redfin.com/MO/St-Louis/35-Magnolia-Dr-63124/home/93480457","MARIS","20007572","N","Y",38.6360561,-90.3876963,2020,1824
"MLS Listing",NA,"Single Family Residential","20 Stoneleigh Towers","Olivette","MO",63132,550000,4,3,"Ladue",2902,20125,1936,4,190,35,"Active","","","http://www.redfin.com/MO/Olivette/20-Stoneleigh-Towers-63132/home/93462610","MARIS","20005661","N","Y",38.6709061,-90.3656962,2020,1825
"MLS Listing",NA,"Single Family Residential","7923 Lafon Pl","University City","MO",63130,749900,4,5,"University City",3143,14505,2003,4,239,NA,"Active","","","http://www.redfin.com/MO/University-City/7923-Lafon-Pl-63130/home/93470823","MARIS","20006640","N","Y",38.6577525,-90.3428565,2020,1826
"MLS Listing",NA,"Single Family Residential","7430 Delmar Blvd","University City","MO",63130,575000,3,3,"University City",1800,6098,2019,4,319,200,"Active","","","http://www.redfin.com/MO/University-City/7430-Delmar-Blvd-63130/home/146494680","MARIS","20007245","N","Y",38.658221,-90.330205,2020,1827
"MLS Listing",NA,"Single Family Residential","7407 Stratford Ave","University City","MO",63130,600000,4,4,"University City",3122,6098,1927,4,192,4,"Active","","","http://www.redfin.com/MO/University-City/7407-Stratford-Ave-63130/home/93261082","MARIS","20007003","N","Y",38.656032,-90.329476,2020,1828
"MLS Listing",NA,"Condo/Co-op","150 Carondelet Plz #803","Clayton","MO",63105,1399000,2,3,"Clayton",2647,NA,2002,4,529,1601,"Active","February-16-2020 01:00 PM","February-16-2020 04:00 PM","http://www.redfin.com/MO/St-Louis/150-Carondelet-Plz-63105/unit-803/home/93323399","MARIS","20005584","N","Y",38.6478858,-90.3322292,2020,1829
"MLS Listing",NA,"Single Family Residential","3 Valley View Pl","St Louis","MO",63124,1299000,6,6,"Ladue",4388,22216,2015,4,296,33,"Active","","","http://www.redfin.com/MO/St-Louis/3-Valley-View-Pl-63124/home/62754337","MARIS","20007557","N","Y",38.6403014,-90.3550702,2020,1830
"MLS Listing",NA,"Condo/Co-op","837 Westgate Ave Unit 3RD","St Louis","MO",63130,284500,3,2,"University City",1495,1917,2005,4,190,400,"Active","","","http://www.redfin.com/MO/St-Louis/837-Westgate-Ave-63130/unit-3RD/home/93328597","MARIS","20004107","N","Y",38.6601582,-90.3043547,2020,1831
"MLS Listing",NA,"Single Family Residential","7515 Gannon Ave","St Louis","MO",63130,325000,3,3,"University City",1442,6273,1956,4,225,NA,"Active","","","http://www.redfin.com/MO/University-City/7515-Gannon-Ave-63130/home/62722187","MARIS","20001653","N","Y",38.6600846,-90.3333267,2020,1832
"MLS Listing",NA,"Single Family Residential","7008 Kingsbury Blvd","University City","MO",63130,425000,3,3,"University City",2187,8756,1922,5,194,NA,"Active","","","http://www.redfin.com/MO/University-City/7008-Kingsbury-Blvd-63130/home/93468599","MARIS","20007432","N","Y",38.653916,-90.315099,2020,1833
"MLS Listing",NA,"Multi-Family (2-4 Unit)","7737 Delmar","St Louis","MO",63130,425000,4,2,"University City",3242,6752,1939,5,131,NA,"Active","","","http://www.redfin.com/MO/St-Louis/7737-Delmar-Blvd-63130/home/93471124","MARIS","20007380","N","Y",38.6597519,-90.3390988,2020,1834
"MLS Listing",NA,"Condo/Co-op","5580 Waterman Ave Unit 1N","St Louis","MO",63112,159000,2,2,"Central West",1061,NA,1913,5,150,395,"Active","","","http://www.redfin.com/MO/St-Louis/5580-Waterman-Blvd-63112/unit-1N/home/170500626","MARIS","19089320","N","Y",38.649095,-90.281101,2020,1835
"MLS Listing",NA,"Single Family Residential","6715 Chamberlain","University City","MO",63130,139995,3,2,"University City",1728,5663,1925,5,81,NA,"Active","","","http://www.redfin.com/MO/University-City/6715-Chamberlain-Ave-63130/home/93457750","MARIS","20002501","N","Y",38.6642333,-90.3077476,2020,1836
"MLS Listing",NA,"Single Family Residential","5787 Kingsbury Pl","St Louis","MO",63112,249900,3,3,"Central West",1586,1786,1997,5,158,40,"Active","","","http://www.redfin.com/MO/St-Louis/5787-Kingsbury-Pl-63112/home/93767246","MARIS","20007164","N","Y",38.652153,-90.2888614,2020,1837
"MLS Listing",NA,"Single Family Residential","1122 Midiron Ave","St Louis","MO",63132,129000,0,1,"University City",1147,9104,1955,5,112,NA,"Active","","","http://www.redfin.com/MO/St-Louis/1122-Midiron-Ave-63132/home/93460626","MARIS","20007241","N","Y",38.6711547,-90.3581033,2020,1838
"MLS Listing",NA,"Single Family Residential","9408 Flora Ave","St Louis","MO",63114,20000,0,NA,"Ritenour",1050,6490,1946,5,19,NA,"Active","","","http://www.redfin.com/MO/Overland/9408-Flora-Ave-63114/home/93438718","MARIS","20005693","N","Y",38.6939202,-90.3642253,2020,1839
"MLS Listing",NA,"Condo/Co-op","30 Brighton Way Unit 1N","Clayton","MO",63105,650000,2,3,"Clayton",1734,1002,2004,5,375,675,"Active","","","http://www.redfin.com/MO/Clayton/30-Brighton-Way-63105/unit-1N/home/62739570","MARIS","20006576","N","Y",38.650949,-90.344871,2020,1840
"MLS Listing",NA,"Single Family Residential","6724 Vernon Ave","St Louis","MO",63130,79900,2,1,"University City",729,3485,1946,6,110,NA,"Active","","","http://www.redfin.com/MO/University-City/6724-Vernon-Ave-63130/home/93469872","MARIS","20007171","N","Y",38.6620958,-90.3090514,2020,1841
"MLS Listing",NA,"Single Family Residential","5159 Cates Ave","St Louis","MO",63108,130000,3,3,"Central West",1794,4648,1903,6,72,NA,"Active","","","http://www.redfin.com/MO/St-Louis/5159-Cates-Ave-63108/home/93744823","MARIS","20006824","N","Y",38.6558514,-90.2686492,2020,1842
"MLS Listing",NA,"Multi-Family (2-4 Unit)","7119 Amherst Ave","St Louis","MO",63130,315000,4,2,"University City",2520,4008,1935,6,125,18,"Active","","","http://www.redfin.com/MO/University-City/7119-Amherst-Ave-63130/home/93469624","MARIS","20005657","N","Y",38.661301,-90.319272,2020,1843
"MLS Listing",NA,"Condo/Co-op","5833 Nina Unit 2E","St Louis","MO",63112,179900,2,2,"Central West",1312,NA,1910,6,137,301,"Active","","","http://www.redfin.com/MO/St-Louis/5833-Nina-Pl-63112/unit-2E/home/93762593","MARIS","20006917","N","Y",38.650514,-90.2907838,2020,1844
"MLS Listing",NA,"Single Family Residential","40 Washington Ter","St Louis","MO",63112,997000,5,6,"Central West",6084,18513,1902,7,164,NA,"Active","","","http://www.redfin.com/MO/St-Louis/40-Washington-Ter-63112/home/62699911","MARIS","20006687","N","Y",38.6519675,-90.2806043,2020,1845
"MLS Listing",NA,"Condo/Co-op","5621 Waterman #2","St Louis","MO",63112,197500,2,2,"Central West",1285,NA,1912,7,154,283,"Active","","","http://www.redfin.com/MO/St-Louis/5621-Waterman-Blvd-63112/unit-2/home/63658048","MARIS","20003828","N","Y",38.649929,-90.282461,2020,1846
"MLS Listing",NA,"Condo/Co-op","816 S Hanley Rd Unit 15B","St Louis","MO",63105,345000,2,2,"Clayton",1760,1263,1974,7,196,1177,"Active","","","http://www.redfin.com/MO/Clayton/816-S-Hanley-Rd-63105/unit-15B/home/93479376","MARIS","20006776","N","Y",38.639242,-90.334754,2020,1847
"MLS Listing",NA,"Single Family Residential","8347 Cornell Ave","University City","MO",63132,675000,6,5,"University City",3817,22216,1950,7,177,NA,"Active","","","http://www.redfin.com/MO/St-Louis/8347-Cornell-Ave-63132/home/93459626","MARIS","20006308","N","Y",38.6629812,-90.3525152,2020,1848
"MLS Listing",NA,"Single Family Residential","1948 Brown Rd","St Louis","MO",63114,120000,3,1,"Ritenour",1147,8364,1954,7,105,NA,"Active","","","http://www.redfin.com/MO/Overland/1948-Brown-Rd-63114/home/93435531","MARIS","20006759","N","Y",38.6905459,-90.3599508,2020,1849
"MLS Listing",NA,"Condo/Co-op","8025 Maryland Ave Unit 10A","St Louis","MO",63105,1200000,3,3,"Clayton",2870,828,NA,7,418,1587,"Active","","","http://www.redfin.com/MO/Clayton/8025-Maryland-Ave-63105/unit-10A/home/93327402","MARIS","20005774","N","Y",38.652392,-90.340466,2020,1850
"MLS Listing",NA,"Condo/Co-op","250 S Brentwood Unit 3G","St Louis","MO",63105,299900,2,2,"Clayton",1945,1089,1940,7,154,549,"Active","","","http://www.redfin.com/MO/Clayton/250-S-Brentwood-Blvd-63105/unit-3G/home/93479958","MARIS","20005869","N","Y",38.646143,-90.3418101,2020,1851
"MLS Listing",NA,"Single Family Residential","5637 Terry Ave","St Louis","MO",63120,14900,2,1,"North",966,4182,1926,8,15,NA,"Active","","","http://www.redfin.com/MO/St-Louis/5637-Terry-Ave-63120/home/93755042","MARIS","20006534","N","Y",38.6771795,-90.2721098,2020,1852
"MLS Listing",NA,"Single Family Residential","6929 Kingsbury","St Louis","MO",63130,925000,6,5,"University City",4310,15769,1922,10,215,13,"Active","","","http://www.redfin.com/MO/University-City/6929-Kingsbury-Blvd-63130/home/93468588","MARIS","20000461","N","Y",38.6544721,-90.3128518,2020,1853
"MLS Listing",NA,"Multi-Family (2-4 Unit)","7366 Pershing Ave","St Louis","MO",63130,629000,6,4,"University City",4018,9670,1927,10,157,NA,"Active","","","http://www.redfin.com/MO/University-City/7366-Pershing-Ave-63130/home/62692034","MARIS","20003407","N","Y",38.65301,-90.328016,2020,1854
"MLS Listing",NA,"Single Family Residential","1544 Moore Pl","University City","MO",63130,83900,2,1,"University City",1088,5489,1941,10,77,NA,"Active","","","http://www.redfin.com/MO/University-City/1544-Moore-Pl-63130/home/93445540","MARIS","20005792","N","Y",38.680338,-90.327522,2020,1855
"MLS Listing",NA,"Condo/Co-op","5575 Waterman Blvd Unit B","St Louis","MO",63112,227000,3,2,"Central West",1684,NA,1985,10,135,326,"Active","","","http://www.redfin.com/MO/St-Louis/5575-Waterman-Blvd-63112/unit-B/home/93724182","MARIS","20006078","N","Y",38.6499741,-90.280932,2020,1856
"MLS Listing",NA,"Condo/Co-op","7739 Kingsbury Blvd #31","St Louis","MO",63105,174900,1,1,"Clayton",1257,958,1942,10,139,290,"Active","","","http://www.redfin.com/MO/St-Louis/7739-Kingsbury-Blvd-63105/unit-31/home/68501245","MARIS","20005624","N","Y",38.6562579,-90.3352019,2020,1857
"MLS Listing",NA,"Condo/Co-op","609 Clara Ave Unit 3A","St Louis","MO",63112,193000,3,2,"Central West",1335,NA,1913,10,145,353,"Active","","","http://www.redfin.com/MO/St-Louis/609-Clara-Ave-63112/unit-3A/home/93679537","MARIS","20005242","N","Y",38.6527667,-90.2827316,2020,1858
"MLS Listing",NA,"Single Family Residential","7718 Page Ave","St Louis","MO",63133,57000,2,1,"Normandy",972,7492,1927,11,59,NA,"Active","","","http://www.redfin.com/MO/St-Louis/7718-Page-Ave-63133/home/93445869","MARIS","20006119","N","Y",38.6803645,-90.3237645,2020,1859
"MLS Listing",NA,"Condo/Co-op","7346 Forsyth Blvd #2","St Louis","MO",63105,425000,2,2,"University City",1630,1742,1941,12,261,425,"Active","","","http://www.redfin.com/MO/St-Louis/7346-Forsyth-Blvd-63105/unit-2/home/62740328","MARIS","20005834","N","Y",38.648191,-90.3271165,2020,1860
"MLS Listing",NA,"Single Family Residential","6236 Lexington Ave","St Louis","MO",63121,15900,2,1,"Normandy",672,4356,NA,12,24,NA,"Active","","","http://www.redfin.com/MO/St-Louis/6236-Lexington-Ave-63121/home/91493682","MARIS","20005277","N","Y",38.6880686,-90.2813642,2020,1861
"MLS Listing",NA,"Single Family Residential","6206 Lorraine Ave","St Louis","MO",63121,29900,2,1,"Normandy",875,4356,NA,12,34,NA,"Active","","","http://www.redfin.com/MO/St-Louis/6206-Lorraine-Ave-63121/home/93443906","MARIS","20005488","N","Y",38.6866588,-90.2803649,2020,1862
"MLS Listing",NA,"Single Family Residential","5221 Westminster Pl","St Louis","MO",63108,639000,6,5,"Central West",4940,7100,1904,12,129,50,"Active","","","http://www.redfin.com/MO/St-Louis/5221-Westminster-Pl-63108/home/93749526","MARIS","20005593","N","Y",38.650334,-90.271047,2020,1863
"MLS Listing",NA,"Single Family Residential","18 Anfred Walk","University City","MO",63132,97000,2,1,"University City",836,3180,1947,13,116,295,"Active","","","http://www.redfin.com/MO/St-Louis/18-Anfred-Walk-63132/home/87703790","MARIS","20005744","N","Y",38.6628617,-90.3568774,2020,1864
"MLS Listing",NA,"Single Family Residential","5747 Mcpherson Ave","St Louis","MO",63112,424900,3,4,"Central West",2280,5301,2005,13,186,NA,"Active","","","http://www.redfin.com/MO/St-Louis/5747-McPherson-Ave-63112/home/93674553","MARIS","20005506","N","Y",38.651277,-90.286608,2020,1865
"MLS Listing",NA,"Multi-Family (2-4 Unit)","1900 Belt Ave","St Louis","MO",63112,52500,2,1,"Central West",1870,3354,1908,13,28,NA,"Active","","","http://www.redfin.com/MO/St-Louis/1900-Belt-Ave-63112/home/93738942","MARIS","20005526","N","Y",38.670585,-90.271387,2020,1866
"MLS Listing",NA,"Single Family Residential","70 Waterman Pl","St Louis","MO",63112,710000,6,5,"Central West",5226,11282,1906,13,136,33,"Active","","","http://www.redfin.com/MO/St-Louis/70-Waterman-Pl-63112/home/93724350","MARIS","20004053","N","Y",38.6487581,-90.2765955,2020,1867
"MLS Listing",NA,"Single Family Residential","7434 Kingsbury Blvd","University City","MO",63130,599900,4,3,"University City",2700,8712,1932,14,222,NA,"Active","","","http://www.redfin.com/MO/University-City/7434-Kingsbury-Blvd-63130/home/62760057","MARIS","19089366","N","Y",38.6549142,-90.3308874,2020,1868
"MLS Listing",NA,"Single Family Residential","25 Black Creek Ln","Ladue","MO",63124,849900,3,3,"Ladue",3144,13939,1937,14,270,NA,"Active","","","http://www.redfin.com/MO/St-Louis/25-Black-Creek-Ln-63124/home/93479480","MARIS","20004321","N","Y",38.6430038,-90.3536025,2020,1869
"MLS Listing",NA,"Single Family Residential","7443 Ahern Ct","St Louis","MO",63130,184900,3,3,"University City",1350,7187,1954,17,137,NA,"Active","","","http://www.redfin.com/MO/St-Louis/7443-Ahern-Ct-63130/home/93457240","MARIS","20005040","N","Y",38.668637,-90.3293932,2020,1870
"MLS Listing",NA,"Single Family Residential","6309 Alamo Ave","St Louis","MO",63105,499900,3,2,"Clayton",1728,5706,1921,17,289,NA,"Active","","","http://www.redfin.com/MO/Clayton/6309-Alamo-Ave-63105/home/93477357","MARIS","20004322","N","Y",38.634866,-90.3065726,2020,1871
"MLS Listing",NA,"Single Family Residential","6503 Woodrow Ave","St Louis","MO",63121,19500,2,1,"Normandy",840,6011,1929,18,23,NA,"Active","","","http://www.redfin.com/MO/St-Louis/6503-Woodrow-Ave-63121/home/93433401","MARIS","20004317","N","Y",38.6913156,-90.2845848,2020,1872
"MLS Listing",NA,"Multi-Family (2-4 Unit)","6432 Alamo Ave","St Louis","MO",63105,635000,8,4,"Clayton",4396,5140,1925,18,144,NA,"Active","","","http://www.redfin.com/MO/Clayton/6432-Alamo-Ave-63105/home/93487922","MARIS","20003350","N","Y",38.6347728,-90.3108321,2020,1873
"MLS Listing",NA,"Single Family Residential","449 Beauwood Ct","St Louis","MO",63132,1295000,5,6,"Ladue",4171,20038,NA,18,310,NA,"Active","","","http://www.redfin.com/MO/Olivette/449-Beauwood-Ct-63132/home/93461513","MARIS","20004572","N","Y",38.6651012,-90.3817878,2020,1874
"MLS Listing",NA,"Vacant Land","801 Swarthmore Ln","St Louis","MO",63130,450000,NA,NA,"University City",NA,21911,NA,18,NA,NA,"Active","","","http://www.redfin.com/MO/University-City/801-Swarthmore-Ln-63130/home/62739264","MARIS","20003885","N","Y",38.663061,-90.349926,2020,1875
"MLS Listing",NA,"Single Family Residential","6605 Crest Ave","St Louis","MO",63130,39000,2,1,"University City",734,4400,1906,19,53,NA,"Active","","","http://www.redfin.com/MO/University-City/6605-Crest-Ave-63130/home/93456096","MARIS","20004558","N","Y",38.665961,-90.3048102,2020,1876
"MLS Listing",NA,"Single Family Residential","5939 Maple Ave","St Louis","MO",63112,225000,5,3,"Central West",3500,4922,1904,19,64,NA,"Active","","","http://www.redfin.com/MO/St-Louis/5939-Maple-Ave-63112/home/93723486","MARIS","19087104","N","Y",38.6616551,-90.2909339,2020,1877
"MLS Listing",NA,"Single Family Residential","1604 N Hanley Rd","St Louis","MO",63130,45000,2,1,"University City",918,4574,1929,20,49,NA,"Active","","","http://www.redfin.com/MO/University-City/1604-N-Hanley-Rd-63130/home/93445716","MARIS","20003795","N","Y",38.6824578,-90.3285622,2020,1878
"MLS Listing",NA,"Single Family Residential","27 Washington Ter","St Louis","MO",63112,950000,8,5,"Central West",8268,19515,1906,22,115,167,"Active","","","http://www.redfin.com/MO/St-Louis/27-Washington-Ter-63112/home/93766147","MARIS","20001224","N","Y",38.6523754,-90.2784474,2020,1879
"MLS Listing",NA,"Single Family Residential","334 N Meramec Ave","Clayton","MO",63105,995000,4,5,"Clayton",3058,5663,1994,25,325,NA,"Active","","","http://www.redfin.com/MO/Clayton/334-N-Meramec-Ave-63105/home/93471107","MARIS","20002026","N","Y",38.656541,-90.337802,2020,1880
"MLS Listing",NA,"Single Family Residential","501 Ziercher St","Olivette","MO",63132,249900,3,1,"Ladue",1128,6050,1950,25,222,NA,"Active","","","http://www.redfin.com/MO/Olivette/501-Ziercher-St-63132/home/93461799","MARIS","20003169","N","Y",38.666387,-90.364796,2020,1881
"MLS Listing",NA,"Single Family Residential","1465 Werremeyer Pl","St Louis","MO",63132,28000,3,2,"Ritenour",1044,12023,1969,26,27,NA,"Active","","","http://www.redfin.com/MO/St-Louis/1465-Werremeyer-Pl-63132/home/93449622","MARIS","20003146","N","Y",38.6860136,-90.3784947,2020,1882
"MLS Listing",NA,"Multi-Family (2-4 Unit)","1010 Commodore Dr","St Louis","MO",63117,324000,4,2,"Maplewood-Rchmnd Hts",NA,9148,1935,26,NA,NA,"Active","","","http://www.redfin.com/MO/Richmond-Heights/1010-Commodore-Dr-63117/home/93488083","MARIS","20002874","N","Y",38.634624,-90.319453,2020,1883
"MLS Listing",NA,"Single Family Residential","2015 Huntington Ave","St Louis","MO",63114,69000,2,1,"Ritenour",768,6186,1952,27,90,NA,"Active","","","http://www.redfin.com/MO/Overland/2015-Huntington-Ave-63114/home/93438018","MARIS","20000951","N","Y",38.6929043,-90.374965,2020,1884
"MLS Listing",NA,"Single Family Residential","1912 Overland","St Louis","MO",63114,109900,4,2,"Ritenour",1265,6229,1952,28,87,NA,"Active","","","http://www.redfin.com/MO/St-Louis/1912-Overland-Dr-63114/home/93437828","MARIS","20001837","N","Y",38.6916787,-90.3767028,2020,1885
"MLS Listing",NA,"Single Family Residential","6056 Clemens Ave","St Louis","MO",63112,220000,0,NA,"Central West",960,2788,1922,30,229,NA,"Active","","","http://www.redfin.com/MO/St-Louis/6056-Clemens-Ave-63112/home/93739200","MARIS","20002356","N","Y",38.65714,-90.2948453,2020,1886
"MLS Listing",NA,"Vacant Land","5605 Bartmer Ave","St Louis","MO",63112,13000,NA,NA,"Central West",NA,15072,NA,30,NA,NA,"Active","","","http://www.redfin.com/MO/St-Louis/5605-Bartmer-Ave-63112/home/93722409","MARIS","20002318","N","Y",38.662851,-90.281166,2020,1887
"MLS Listing",NA,"Single Family Residential","6907 Melrose Ave","St Louis","MO",63130,104900,2,2,"University City",961,5401,1947,32,109,NA,"Active","","","http://www.redfin.com/MO/University-City/6907-Melrose-Ave-63130/home/93459330","MARIS","20002039","N","Y",38.671349,-90.312685,2020,1888
"MLS Listing",NA,"Single Family Residential","7275 Forsyth Blvd","St Louis","MO",63105,659000,4,4,"University City",2568,8233,1927,32,257,NA,"Active","","","http://www.redfin.com/MO/St-Louis/7275-Forsyth-Blvd-63105/home/81571622","MARIS","20001793","N","Y",38.6485583,-90.3245354,2020,1889
"MLS Listing",NA,"Condo/Co-op","5330 Pershing Ave #205","St Louis","MO",63112,89900,1,1,"Central West",540,NA,1917,32,166,176,"Active","","","http://www.redfin.com/MO/St-Louis/5330-Pershing-Ave-63112/unit-205/home/93673734","MARIS","20001839","N","Y",38.6475729,-90.2757904,2020,1890
"MLS Listing",NA,"Single Family Residential","4345 Dardenne","St Louis","MO",63120,29900,2,1,"Normandy",750,4182,NA,34,40,NA,"Active","","","http://www.redfin.com/MO/St-Louis/4345-Dardenne-Dr-63120/home/93431291","MARIS","19091203","N","Y",38.6937606,-90.2720364,2020,1891
"MLS Listing",NA,"Single Family Residential","6409 Wellsmar Ave","St Louis","MO",63133,49900,2,1,"Normandy",1740,3746,NA,34,29,NA,"Active","","","http://www.redfin.com/MO/St-Louis/6409-Wellsmar-Ave-63133/home/93444345","MARIS","19091205","N","Y",38.6807869,-90.2875207,2020,1892
"MLS Listing",NA,"Single Family Residential","2160 Edmund Ave","St Louis","MO",63121,29900,2,1,"Normandy",836,4312,NA,34,36,NA,"Active","","","http://www.redfin.com/MO/St-Louis/2160-Edmund-Ave-63121/home/93444907","MARIS","19091208","N","Y",38.6861708,-90.2828454,2020,1893
"MLS Listing",NA,"Single Family Residential","","St Louis","MO",63133,29900,3,1,"",984,4792,NA,34,30,NA,"Active","","","http://www.redfin.com/MO/St-Louis/Undisclosed-address-63133/home/170227601","MARIS","19091211","N","Y",38.6787998,-90.3042778,2020,1894
"MLS Listing",NA,"Single Family Residential","6223 Greer Ave","St Louis","MO",63121,29900,2,1,"Normandy",936,4356,NA,34,32,NA,"Active","","","http://www.redfin.com/MO/St-Louis/6223-Greer-Ave-63121/home/93445100","MARIS","19091220","N","Y",38.6865437,-90.2814015,2020,1895
"MLS Listing",NA,"Single Family Residential","3920 Jennings Sta","St Louis","MO",63121,50500,3,2,"Normandy",2382,7492,NA,34,21,NA,"Active","","","http://www.redfin.com/MO/St-Louis/3920-Jennings-Station-Rd-63121/home/93431751","MARIS","19091221","N","Y",38.693936,-90.275037,2020,1896
"MLS Listing",NA,"Single Family Residential","6235 Greer Ave","St Louis","MO",63121,25900,2,1,"Normandy",900,4356,NA,34,29,NA,"Active","","","http://www.redfin.com/MO/St-Louis/6235-Greer-Ave-63121/home/93445111","MARIS","19091228","N","Y",38.6869,-90.2821996,2020,1897
"MLS Listing",NA,"Single Family Residential","6104 Vetter","St Louis","MO",63120,29900,4,1,"Normandy",950,7667,NA,34,31,NA,"Active","","","http://www.redfin.com/MO/St-Louis/6104-Vetter-Pl-63120/home/62698832","MARIS","19091231","N","Y",38.6926075,-90.275008,2020,1898
"MLS Listing",NA,"Single Family Residential","6228 Greer Ave","St Louis","MO",63121,29900,3,1,"Normandy",1008,4356,1923,34,30,NA,"Active","","","http://www.redfin.com/MO/St-Louis/6228-Greer-Ave-63121/home/62697941","MARIS","19091237","N","Y",38.6864649,-90.2820274,2020,1899
"MLS Listing",NA,"Single Family Residential","6208 Greer Ave","St Louis","MO",63121,29900,2,1,"Jennings",972,4356,1923,34,31,NA,"Active","","","http://www.redfin.com/MO/St-Louis/6208-Greer-Ave-63121/home/62697940","MARIS","19091238","N","Y",38.6859207,-90.2808419,2020,1900
"MLS Listing",NA,"Multi-Family (5+ Unit)","5855 Washington","St Louis","MO",63112,1195000,NA,NA,"Central West",12000,9365,1915,34,100,NA,"Active","","","http://www.redfin.com/MO/St-Louis/5855-Washington-Blvd-63112/home/93762500","MARIS","20000254","N","Y",38.6536482,-90.2890083,2020,1901
"MLS Listing",NA,"Single Family Residential","6410 Saint Louis Ave","St Louis","MO",63121,8900,2,1,"Normandy",1175,3441,1924,34,8,NA,"Active","","","http://www.redfin.com/MO/St-Louis/6410-St-Louis-Ave-63121/home/93444860","MARIS","19090961","N","Y",38.6854119,-90.2881079,2020,1902
"MLS Listing",NA,"Single Family Residential","1901 Northfield Dr","St Louis","MO",63114,115000,2,1,"Ritenour",1032,7553,1942,37,111,NA,"Active","","","http://www.redfin.com/MO/St-Louis/1901-Northfield-Dr-63114/home/93437388","MARIS","20000411","N","Y",38.6937871,-90.3804084,2020,1903
"MLS Listing",NA,"Single Family Residential","820 N Price Rd","St Louis","MO",63132,310000,3,3,"Ladue",1544,15725,1900,38,201,NA,"Active","","","http://www.redfin.com/MO/Olivette/820-N-Price-Rd-63132/home/93462631","MARIS","19086420","N","Y",38.6703887,-90.3662838,2020,1904
"MLS Listing",NA,"Single Family Residential","949 Warder Ave","St Louis","MO",63130,210900,3,3,"University City",1365,8581,1951,39,155,NA,"Active","","","http://www.redfin.com/MO/St-Louis/949-Warder-Ave-63130/home/93460251","MARIS","20000417","N","Y",38.6660718,-90.3390814,2020,1905
"MLS Listing",NA,"Multi-Family (2-4 Unit)","5345 Wells Ave","St Louis","MO",63112,52000,2,1,"Central West",2254,6621,1906,39,23,NA,"Active","","","http://www.redfin.com/MO/St-Louis/5345-Wells-Ave-63112/home/93721567","MARIS","19089740","N","Y",38.6655685,-90.2701561,2020,1906
"MLS Listing",NA,"Single Family Residential","5344 Dr Martin Luther King","St Louis","MO",63112,43500,2,2,"Central West",1980,5489,1889,41,22,NA,"Active","","","http://www.redfin.com/MO/St-Louis/5344-Dr-Martin-Luther-King-Dr-63112/home/93721547","MARIS","19091150","N","Y",38.6663843,-90.2693463,2020,1907
"MLS Listing",NA,"Single Family Residential","7100 Washington Ave","St Louis","MO",63130,750000,7,4,"University City",3517,10498,1911,42,213,NA,"Active","","","http://www.redfin.com/MO/University-City/7100-Washington-Ave-63130/home/93469195","MARIS","19090425","N","Y",38.6556059,-90.3177364,2020,1908
"MLS Listing",NA,"Single Family Residential","6316 Audrey Ave","St Louis","MO",63133,31900,3,2,"Normandy",1334,3398,1980,42,24,NA,"Active","","","http://www.redfin.com/MO/St-Louis/6316-Audrey-Ave-63133/home/93444425","MARIS","19090955","N","Y",38.6803834,-90.2850619,2020,1909
"MLS Listing",NA,"Single Family Residential","4 Magnolia Dr","St Louis","MO",63124,474900,3,2,"Ladue",1750,10149,1951,42,271,2,"Active","","","http://www.redfin.com/MO/St-Louis/4-Magnolia-Dr-63124/home/62763207","MARIS","19089383","N","Y",38.638766,-90.3871777,2020,1910
"MLS Listing",NA,"Single Family Residential","1150 Sutter Ave","St Louis","MO",63130,89000,3,1,"University City",1176,4400,1901,44,76,NA,"Active","","","http://www.redfin.com/MO/St-Louis/1150-Sutter-Ave-63130/home/93456576","MARIS","19090754","N","Y",38.6680561,-90.3022768,2020,1911
"MLS Listing",NA,"Single Family Residential","6016 Grimshaw Ave","St Louis","MO",63120,15000,2,1,"Normandy",1008,3441,1927,49,15,NA,"Active","","","http://www.redfin.com/MO/St-Louis/6016-Grimshaw-Ave-63120/home/91494033","MARIS","19090167","N","Y",38.6896711,-90.2745039,2020,1912
"MLS Listing",NA,"Single Family Residential","7361 Olive Blvd","University City","MO",63130,135000,2,1,"University City",1460,8398,1920,52,92,NA,"Active","","","http://www.redfin.com/MO/University-City/7361-Olive-Blvd-63130/home/93458389","MARIS","19089026","N","Y",38.6715784,-90.3287289,2020,1913
"MLS Listing",NA,"Single Family Residential","7514 Cornell Ave","University City","MO",63130,274900,3,2,"University City",1255,6874,1958,53,219,NA,"Active","","","http://www.redfin.com/MO/University-City/7514-Cornell-Ave-63130/home/93469321","MARIS","19089880","N","Y",38.6604781,-90.3331286,2020,1914
"MLS Listing",NA,"Condo/Co-op","8522 Old Bonhomme Rd","St Louis","MO",63132,96500,2,1,"University City",877,2744,1955,54,110,255,"Active","","","http://www.redfin.com/MO/St-Louis/8522-Old-Bonhomme-Rd-63132/home/93625871","MARIS","19089116","N","Y",38.6680428,-90.3562795,2020,1915
"MLS Listing",NA,"Single Family Residential","1070 Raisher","St Louis","MO",63130,109900,2,1,"University City",1080,6011,1949,55,102,NA,"Active","","","http://www.redfin.com/MO/University-City/1070-Raisher-Dr-63130/home/93460902","MARIS","19088729","N","Y",38.6696316,-90.3401103,2020,1916
"MLS Listing",NA,"Single Family Residential","6919 Bartmer Ave","University City","MO",63130,140000,2,1,"University City",1127,6970,1938,55,124,NA,"Active","","","http://www.redfin.com/MO/University-City/6919-Bartmer-Ave-63130/home/93457903","MARIS","19055087","N","Y",38.665875,-90.313837,2020,1917
"MLS Listing",NA,"Single Family Residential","8304 Fullerton Ave","St Louis","MO",63132,118000,3,2,"University City",1275,NA,1952,61,93,NA,"Active","","","http://www.redfin.com/MO/St-Louis/8304-Fullerton-Ave-63132/home/93447841","MARIS","19088782","N","Y",38.6804501,-90.3511367,2020,1918
"MLS Listing",NA,"Single Family Residential","1115 Magnet Dr","Olivette","MO",63132,375000,4,4,"Ladue",2900,11761,1928,61,129,4,"Active","","","http://www.redfin.com/MO/Olivette/1115-Magnet-Dr-63132/home/62751041","MARIS","19084926","N","Y",38.6748782,-90.378569,2020,1919
"MLS Listing",NA,"Single Family Residential","931 Mulberry Ln","St Louis","MO",63130,225000,3,2,"University City",1592,9479,NA,63,141,NA,"Active","","","http://www.redfin.com/MO/University-City/931-Mulberry-Ln-63130/home/93459871","MARIS","19086794","N","Y",38.666812,-90.34505,2020,1920
"MLS Listing",NA,"Single Family Residential","5182 Maple Ave","St Louis","MO",63113,150000,3,4,"North",2296,4835,1903,63,65,NA,"Active","","","http://www.redfin.com/MO/St-Louis/5182-Maple-Ave-63113/home/93752430","MARIS","19088108","N","Y",38.6593525,-90.2689366,2020,1921
"MLS Listing",NA,"Single Family Residential","1469 70th","St Louis","MO",63133,42000,4,NA,"Normandy",1026,6316,NA,63,41,NA,"Active","","","http://www.redfin.com/MO/St-Louis/1469-70th-St-63133/home/62733830","MARIS","19087505","N","Y",38.6827096,-90.3043696,2020,1922
"MLS Listing",NA,"Single Family Residential","8323 Monroe Ave","St Louis","MO",63114,109900,4,2,"Normandy",1370,8233,1926,63,80,NA,"Active","","","http://www.redfin.com/MO/St-Louis/8323-Monroe-Ave-63114/home/93448310","MARIS","19088065","N","Y",38.686974,-90.3367694,2020,1923
"MLS Listing",NA,"Single Family Residential","512 Lake Ave","St Louis","MO",63108,399900,4,4,"Central West",2752,2178,1903,66,145,NA,"Active","","","http://www.redfin.com/MO/St-Louis/512-Lake-Ave-63108/home/77165311","MARIS","19087618","N","Y",38.6504831,-90.2696519,2020,1924
"MLS Listing",NA,"Multi-Family (2-4 Unit)","5865 Lotus Ave","St Louis","MO",63112,11900,4,2,"Central West",2304,3615,1916,66,5,NA,"Active","","","http://www.redfin.com/MO/St-Louis/5865-Lotus-Ave-63112/home/93748128","MARIS","19087816","N","Y",38.675583,-90.279685,2020,1925
"MLS Listing",NA,"Single Family Residential","1313 Woodruff Ave","St Louis","MO",63133,21250,1,1,"Normandy",816,6273,1927,66,26,NA,"Active","","","http://www.redfin.com/MO/St-Louis/1313-Woodruff-Ave-63133/home/93456879","MARIS","19087823","N","Y",38.6750067,-90.3064257,2020,1926
"MLS Listing",NA,"Single Family Residential","5352 Wells Ave","St Louis","MO",63112,11000,4,2,"Central West",2332,5793,1904,66,5,NA,"Active","","","http://www.redfin.com/MO/St-Louis/5352-Wells-Ave-63112/home/93721562","MARIS","19087770","N","Y",38.665144,-90.270791,2020,1927
"MLS Listing",NA,"Single Family Residential","1120 Magnet","St Louis","MO",63132,299900,3,2,"Ladue",1500,6098,1951,69,200,25,"Active","","","http://www.redfin.com/MO/Olivette/1120-Magnet-Dr-63132/home/93462325","MARIS","19086892","N","Y",38.6750025,-90.3781275,2020,1928
"MLS Listing",NA,"Condo/Co-op","5671 Waterman Blvd Unit 2S","St Louis","MO",63112,100000,2,1,"Central West",700,NA,1915,70,143,270,"Active","","","http://www.redfin.com/MO/St-Louis/5671-Waterman-Blvd-63112/unit-2S/home/168592347","MARIS","19087034","N","Y",38.6501356,-90.2841488,2020,1929
"MLS Listing",NA,"Single Family Residential","5812 De Giverville Ave","St Louis","MO",63112,220000,6,3,"Central West",1904,3398,1911,76,116,NA,"Active","","","http://www.redfin.com/MO/St-Louis/5812-De-Giverville-Ave-63112/home/93762573","MARIS","19084869","N","Y",38.6508795,-90.2898357,2020,1930
"MLS Listing",NA,"Single Family Residential","6742 Julian Ave","St Louis","MO",63130,94900,3,1,"University City",849,5358,1946,77,112,NA,"Active","","","http://www.redfin.com/MO/St-Louis/6742-Julian-Ave-63130/home/93458985","MARIS","19086262","N","Y",38.6699653,-90.3082249,2020,1931
"MLS Listing",NA,"Single Family Residential","12 Cabanne Townhome Dr","St Louis","MO",63112,179900,3,3,"Central West",2040,2082,2010,81,88,42,"Active","","","http://www.redfin.com/MO/St-Louis/12-Cabanne-Townhome-Dr-63112/home/93681441","MARIS","19084964","N","Y",38.658855,-90.287746,2020,1932
"MLS Listing",NA,"Single Family Residential","7705 Trenton Ave","St Louis","MO",63130,91900,2,1,"University City",912,7449,1929,82,101,NA,"Active","","","http://www.redfin.com/MO/University-City/7705-Trenton-Ave-63130/home/93448530","MARIS","19085175","N","Y",38.6809847,-90.3363622,2020,1933
"MLS Listing",NA,"Single Family Residential","1381 Hamilton Ave","St Louis","MO",63112,8500,4,1,"Central West",1672,3223,1903,83,5,NA,"Active","","","http://www.redfin.com/MO/St-Louis/1381-Hamilton-Ave-63112/home/93723328","MARIS","19085161","N","Y",38.6705958,-90.2847841,2020,1934
"MLS Listing",NA,"Condo/Co-op","8631 Old Bonhomme Unit 3E","St Louis","MO",63132,94900,1,1,"University City",762,871,1967,86,125,206,"Active","","","http://www.redfin.com/MO/St-Louis/8631-Old-Bonhomme-Rd-63132/unit-3E/home/93631345","MARIS","19084710","N","Y",38.6685225,-90.3583984,2020,1935
"MLS Listing",NA,"Multi-Family (2-4 Unit)","7340 Amherst Ave","St Louis","MO",63130,325000,6,2,"University City",NA,4356,1953,90,NA,NA,"Active","","","http://www.redfin.com/MO/University-City/7340-Amherst-Ave-63130/home/93469107","MARIS","19083875","N","Y",38.6615775,-90.3263808,2020,1936
"MLS Listing",NA,"Multi-Family (2-4 Unit)","7030 Dartmouth Ave","St Louis","MO",63130,315000,4,2,"University City",NA,4008,1925,91,NA,NA,"Active","","","http://www.redfin.com/MO/University-City/7030-Dartmouth-Ave-63130/home/93469760","MARIS","19083617","N","Y",38.6620783,-90.3172957,2020,1937
"MLS Listing",NA,"Condo/Co-op","5330 Pershing Ave #705","St Louis","MO",63112,92500,1,1,"Central West",540,NA,1918,94,171,185,"Active","","","http://www.redfin.com/MO/St-Louis/5330-Pershing-Ave-63112/unit-705/home/93673617","MARIS","19082194","N","Y",38.6475729,-90.2757904,2020,1938
"MLS Listing",NA,"Single Family Residential","5360 Pershing Ave Unit 6C","St Louis","MO",63112,90000,1,1,"Central West",762,NA,1918,96,118,248,"Active","","","http://www.redfin.com/MO/St-Louis/5360-Pershing-Ave-63112/unit-6C/home/93673019","MARIS","19082723","N","Y",38.647319,-90.276051,2020,1939
"MLS Listing",NA,"Single Family Residential","5725 Lindell","St Louis","MO",63112,1799000,4,7,"Central West",5913,53013,1985,97,304,NA,"Active","","","http://www.redfin.com/MO/St-Louis/5725-Lindell-Blvd-63112/home/93763370","MARIS","19076965","N","Y",38.6466935,-90.2871353,2020,1940
"MLS Listing",NA,"Single Family Residential","7732 Drexel Dr","University City","MO",63130,134900,2,1,"University City",1327,6752,1947,101,102,NA,"Active","","","http://www.redfin.com/MO/University-City/7732-Drexel-Dr-63130/home/93460497","MARIS","19072322","N","Y",38.6682872,-90.337685,2020,1941
"MLS Listing",NA,"Single Family Residential","5844 Maple Ave","St Louis","MO",63112,89000,6,2,"Central West",2308,5850,1899,102,39,NA,"Active","","","http://www.redfin.com/MO/St-Louis/5844-Maple-Ave-63112/home/93723832","MARIS","19081655","N","Y",38.6608856,-90.2874106,2020,1942
"MLS Listing",NA,"Single Family Residential","5952 Kennerly Ave","St Louis","MO",63112,29900,2,2,"Central West",1122,3528,1907,102,27,NA,"Active","","","http://www.redfin.com/MO/St-Louis/5952-Kennerly-Ave-63112/home/62745589","MARIS","19079230","N","Y",38.6787632,-90.2811583,2020,1943
"MLS Listing",NA,"Single Family Residential","6024 Maple Ave","St Louis","MO",63112,245000,3,2,"Central West",2378,6882,2004,102,103,NA,"Active","","","http://www.redfin.com/MO/St-Louis/6024-Maple-Ave-63112/home/93672169","MARIS","19080313","N","Y",38.6614432,-90.2930646,2020,1944
"MLS Listing",NA,"Vacant Land","749 Swarthmore","St Louis","MO",63130,250000,NA,NA,"University City",NA,9453,NA,104,NA,NA,"Active","","","http://www.redfin.com/MO/St-Louis/749-Swarthmore-Ln-63130/home/167000687","MARIS","19079684","N","Y",38.6627953,-90.3499146,2020,1945
"MLS Listing",NA,"Vacant Land","6540 Etzel Ave","St Louis","MO",63130,19500,NA,NA,"University City",NA,8886,NA,105,NA,NA,"Active","","","http://www.redfin.com/MO/University-City/6540-Etzel-Ave-63130/home/62776183","MARIS","19079733","N","Y",38.666431,-90.304284,2020,1946
"MLS Listing",NA,"Single Family Residential","6705 Saint Louis Ave","St Louis","MO",63121,20000,3,1,"Normandy",936,4617,1926,106,21,NA,"Active","","","http://www.redfin.com/MO/St-Louis/6705-St-Louis-Ave-63121/home/93444607","MARIS","19079575","N","Y",38.6874707,-90.2918337,2020,1947
"MLS Listing",NA,"Single Family Residential","5842 Clemens","St Louis","MO",63112,55000,3,3,"Central West",2168,10141,1893,109,25,NA,"Active","","","http://www.redfin.com/MO/St-Louis/5842-Clemens-Ave-63112/home/93739320","MARIS","19078994","N","Y",38.6564134,-90.2880447,2020,1948
"MLS Listing",NA,"Single Family Residential","5843 Clemens Ave","St Louis","MO",63112,55000,3,2,"Central West",2184,11108,1895,109,25,NA,"Active","","","http://www.redfin.com/MO/St-Louis/5843-Clemens-Ave-63112/home/93739303","MARIS","19078996","N","Y",38.6569524,-90.2879611,2020,1949
"MLS Listing",NA,"Multi-Family (5+ Unit)","5887 Page Blvd","St Louis","MO",63112,250000,NA,NA,"Central West",9060,6098,1910,111,28,NA,"Active","","","http://www.redfin.com/MO/SAINT-LOUIS/5887-PAGE-BLVD-63112/home/93786305","MARIS","19078414","N","Y",38.668516,-90.285582,2020,1950
"MLS Listing",NA,"Single Family Residential","5226 Washington Pl","St Louis","MO",63108,500000,7,4,"Central West",4500,8407,1906,117,111,NA,"Active","","","http://www.redfin.com/MO/St-Louis/5226-Washington-Pl-63108/home/93749449","MARIS","19069569","N","Y",38.6510012,-90.2709653,2020,1951
"MLS Listing",NA,"Single Family Residential","1201 Gregan Pl","Pagedale","MO",63133,41500,2,1,"Normandy",840,4269,1926,117,49,NA,"Active","","","http://www.redfin.com/MO/St-Louis/1201-Gregan-Pl-63133/home/93456403","MARIS","19076178","N","Y",38.6725153,-90.3039657,2020,1952
"MLS Listing",NA,"Single Family Residential","4 Kingsbury Pl","St Louis","MO",63112,949000,5,4,"Central West",6033,21780,1920,119,157,108,"Active","","","http://www.redfin.com/MO/St-Louis/4-Kingsbury-Pl-63112/home/93724312","MARIS","19075606","N","Y",38.6499737,-90.2745644,2020,1953
"MLS Listing",NA,"Single Family Residential","8001 Malibou","St Louis","MO",63130,97000,3,2,"University City",1134,5097,NA,119,86,NA,"Active","","","http://www.redfin.com/MO/University-City/8001-Malibou-Ct-63130/home/93460804","MARIS","19076589","N","Y",38.675999,-90.343666,2020,1954
"MLS Listing",NA,"Single Family Residential","1472 Rowan Ave","St Louis","MO",63112,29000,3,1,"Central West",1125,3746,1908,121,26,NA,"Active","","","http://www.redfin.com/MO/St-Louis/1472-Rowan-Ave-63112/home/93756840","MARIS","19074364","N","Y",38.6722841,-90.2817114,2020,1955
"MLS Listing",NA,"Condo/Co-op","5518 Waterman Blvd #11","St Louis","MO",63112,174500,3,2,"Central West",1090,NA,1916,124,160,365,"Active","","","http://www.redfin.com/MO/St-Louis/5518-Waterman-Blvd-63112/unit-11/home/169376125","MARIS","19075815","N","Y",38.648842,-90.279073,2020,1956
"MLS Listing",NA,"Single Family Residential","5539 Clemens Ave","St Louis","MO",63112,85000,0,1,"Central West",4500,6186,1895,125,19,NA,"Active","","","http://www.redfin.com/MO/St-Louis/5539-Clemens-Ave-63112/home/93739349","MARIS","19074977","N","Y",38.6563568,-90.2801814,2020,1957
"MLS Listing",NA,"Single Family Residential","6432 Wells Ave","St Louis","MO",63133,29900,3,2,"Normandy",616,3877,1910,129,49,NA,"Active","","","http://www.redfin.com/MO/St-Louis/6432-Wells-Ave-63133/home/93443683","MARIS","19074887","N","Y",38.6770086,-90.2921084,2020,1958
"MLS Listing",NA,"Multi-Family (5+ Unit)","1322 Leroy Ave","St Louis","MO",63133,190000,NA,NA,"Normandy",6900,8625,1965,129,28,NA,"Active","","","http://www.redfin.com/MO/St-Louis/1322-Leroy-Ave-63133/home/169287637","MARIS","19074543","N","Y",38.6759385,-90.3102446,2020,1959
"MLS Listing",NA,"Single Family Residential","3524 Ridgedale Ave","St Louis","MO",63121,36900,3,2,"Normandy",1476,8189,1929,129,25,NA,"Active","","","http://www.redfin.com/MO/St-Louis/3524-Ridgedale-Ave-63121/home/93433345","MARIS","19074816","N","Y",38.692711,-90.2830961,2020,1960
"MLS Listing",NA,"Condo/Co-op","323 Clara Ave #23","St Louis","MO",63112,145000,2,2,"Central West",1020,NA,1916,130,142,378,"Active","","","http://www.redfin.com/MO/St-Louis/323-Clara-Ave-63112/unit-23/home/169266302","MARIS","19068300","N","Y",38.649235,-90.2830925,2020,1961
"MLS Listing",NA,"Single Family Residential","6215 Pershing Ave","St Louis","MO",63130,399000,6,3,"Central West",3176,5489,1910,136,126,NA,"Active","","","http://www.redfin.com/MO/St-Louis/6215-Pershing-Ave-63130/home/93760099","MARIS","19072994","N","Y",38.6503045,-90.3012326,2020,1962
"MLS Listing",NA,"Single Family Residential","5806 Degiverville Ave","St Louis","MO",63112,168900,4,2,"Central West",1848,NA,1918,141,91,NA,"Active","","","http://www.redfin.com/MO/St-Louis/5806-De-Giverville-Ave-63112/home/93762567","MARIS","19071651","N","Y",38.6507631,-90.2896818,2020,1963
"MLS Listing",NA,"Condo/Co-op","5563 Pershing Ave Unit TFW","St Louis","MO",63112,189900,2,2,"Central West",1420,NA,1913,141,134,315,"Active","","","http://www.redfin.com/MO/St-Louis/5563-Pershing-Ave-63112/unit-TFW/home/93723745","MARIS","19071533","N","Y",38.648564,-90.281189,2020,1964
"MLS Listing",NA,"Single Family Residential","1932 N Hanley Rd","St Louis","MO",63114,62000,2,1,"Normandy",825,6011,1949,143,75,NA,"Active","","","http://www.redfin.com/MO/SAINT-LOUIS/1932-N-HANLEY-RD-63114/home/93446767","MARIS","19071426","N","Y",38.689156,-90.328498,2020,1965
"MLS Listing",NA,"Single Family Residential","6906 Washington Ave","St Louis","MO",63130,812000,4,4,"University City",4077,10498,1911,143,199,NA,"Active","","","http://www.redfin.com/MO/University-City/6906-Washington-Ave-63130/home/62758025","MARIS","19070151","N","Y",38.6550678,-90.3121725,2020,1966
"MLS Listing",NA,"Single Family Residential","7103 Waterman Ave","University City","MO",63130,490000,5,4,"University City",3682,8407,1915,145,133,NA,"Active","","","http://www.redfin.com/MO/St-Louis/7103-Waterman-Ave-63130/home/93468281","MARIS","19068018","N","Y",38.6536592,-90.3181221,2020,1967
"MLS Listing",NA,"Single Family Residential","18 Pine Valley Dr","St Louis","MO",63124,4350000,5,7,"Ladue",7954,87120,1941,145,547,94,"Active","","","http://www.redfin.com/MO/St-Louis/18-Pine-Valley-Dr-63124/home/93480438","MARIS","19070843","N","Y",38.6475996,-90.372886,2020,1968
"MLS Listing",NA,"Single Family Residential","5922 Cates Ave","St Louis","MO",63112,319900,5,4,"Central West",3458,8668,1905,145,93,NA,"Active","","","http://www.redfin.com/MO/St-Louis/5922-Cates-Ave-63112/home/93739626","MARIS","19068596","N","Y",38.657928,-90.2909339,2020,1969
"MLS Listing",NA,"Multi-Family (2-4 Unit)","5932 Hamilton Ter","St Louis","MO",63112,18500,2,2,"Central West",2024,2614,1915,151,9,NA,"Active","","","http://www.redfin.com/MO/St-Louis/5932-Hamilton-Ter-63112/home/93723387","MARIS","19069219","N","Y",38.6695534,-90.2867369,2020,1970
"MLS Listing",NA,"Single Family Residential","6615 Raymond Ave","St Louis","MO",63133,13500,3,2,"Normandy",1341,6534,1901,152,10,NA,"Active","","","http://www.redfin.com/MO/St-Louis/6615-Raymond-Ave-63133/home/93456424","MARIS","19069044","N","Y",38.6708596,-90.3054772,2020,1971
"MLS Listing",NA,"Single Family Residential","107 Heatherwood Dr","Olivette","MO",63132,1161783,4,4,"Ladue",3951,20473,NA,153,294,NA,"Active","","","http://www.redfin.com/MO/Olivette/107-Heatherwood-Dr-63132/home/167008036","MARIS","19068586","N","Y",38.662961,-90.38755,2020,1972
"MLS Listing",NA,"Single Family Residential","6039 Margaretta Ave","St Louis","MO",63120,19900,2,1,"Normandy",840,3180,1949,156,24,NA,"Active","","","http://www.redfin.com/MO/St-Louis/6039-Margaretta-Ave-63120/home/93431529","MARIS","19068052","N","Y",38.6912575,-90.2745074,2020,1973
"MLS Listing",NA,"Multi-Family (2-4 Unit)","6647 Bartmer Ave","St Louis","MO",63130,51850,NA,NA,"University City",NA,4269,1920,159,NA,NA,"Active","","","http://www.redfin.com/MO/University-City/6647-Bartmer-Ave-63130/home/93456083","MARIS","19066308","N","Y",38.6651077,-90.3066577,2020,1974
"MLS Listing",NA,"Single Family Residential","6654 Chamberlain Ave","St Louis","MO",63130,25000,3,1,"University City",1105,4269,1914,166,23,NA,"Active","","","http://www.redfin.com/MO/University-City/6654-Chamberlain-Ave-63130/home/62714332","MARIS","19064724","N","Y",38.6637036,-90.3067195,2020,1975
"MLS Listing",NA,"Single Family Residential","5828 Westminster","St Louis","MO",63112,249900,4,3,"Central West",2544,3746,1936,174,98,NA,"Active","","","http://www.redfin.com/MO/St-Louis/5828-Westminster-Pl-63112/home/109934184","MARIS","19061990","N","Y",38.65245,-90.290083,2020,1976
"MLS Listing",NA,"Multi-Family (2-4 Unit)","5182 Kensington Ave","St Louis","MO",63108,70000,2,2,"Central West",NA,5101,1899,175,NA,NA,"Active","","","http://www.redfin.com/MO/St-Louis/5182-Kensington-Ave-63108/home/93744745","MARIS","19061769","N","Y",38.6543417,-90.2697843,2020,1977
"MLS Listing",NA,"Single Family Residential","7060 Canton Ave","St Louis","MO",63130,134900,5,3,"University City",1789,8146,1960,179,75,NA,"Active","","","http://www.redfin.com/MO/St-Louis/7060-Canton-Ave-63130/home/93459222","MARIS","19061156","N","Y",38.6758378,-90.3172589,2020,1978
"MLS Listing",NA,"Single Family Residential","7100 Delmar Blvd","University City","MO",63130,1499000,8,6,"University City",10239,42815,1912,180,146,NA,"Active","","","http://www.redfin.com/MO/St-Louis/7100-Delmar-Blvd-63130/home/93469220","MARIS","19059851","N","Y",38.6567761,-90.3166529,2020,1979
"MLS Listing",NA,"Single Family Residential","5939 Ferris Ave","St Louis","MO",63120,65000,4,1,"North",1032,3589,1939,181,63,NA,"Active","","","http://www.redfin.com/MO/St-Louis/5939-Ferris-Ave-63120/home/93768363","MARIS","19055668","N","Y",38.6892173,-90.2731057,2020,1980
"MLS Listing",NA,"Vacant Land","5222 Ridge Ave","St Louis","MO",63113,7500,NA,NA,"North",NA,6534,NA,182,NA,NA,"Active","","","http://www.redfin.com/MO/St-Louis/5222-Ridge-Ave-63113/home/93721344","MARIS","19060699","N","Y",38.6627736,-90.268368,2020,1981
"MLS Listing",NA,"Single Family Residential","2146 Penfield Ave","St Louis","MO",63114,115000,4,3,"Normandy",1969,6839,1929,183,58,NA,"Active","","","http://www.redfin.com/MO/St-Louis/2146-Penfield-Ave-63114/home/93436373","MARIS","19060281","N","Y",38.6933811,-90.3367821,2020,1982
"MLS Listing",NA,"Single Family Residential","7401 Canton Ave","St Louis","MO",63130,88810,2,1,"University City",1516,8015,1925,185,59,NA,"Active","","","http://www.redfin.com/MO/University-City/7401-Canton-Ave-63130/home/93445258","MARIS","19060234","N","Y",38.6769482,-90.328906,2020,1983
"MLS Listing",NA,"Multi-Family (5+ Unit)","5890 Cates Ave","St Louis","MO",63112,130000,NA,NA,"Central West",NA,10193,1926,185,NA,NA,"Active","","","http://www.redfin.com/MO/St-Louis/5890-Cates-Ave-63112/home/93739326","MARIS","19060199","N","Y",38.6577455,-90.2894501,2020,1984
"MLS Listing",NA,"Single Family Residential","8121 Gannon Ave","University City","MO",63130,425000,5,4,"University City",2603,NA,1941,187,163,9,"Active","","","http://www.redfin.com/MO/St-Louis/8121-Gannon-Ave-63130/home/93470931","MARIS","19058155","N","Y",38.661491,-90.3475436,2020,1985
"MLS Listing",NA,"Single Family Residential","5070 Washington","St Louis","MO",63108,279000,6,4,"Central West",3700,7275,1900,197,75,NA,"Active","","","http://www.redfin.com/MO/St-Louis/5070-Washington-Pl-63108/home/93749513","MARIS","19056776","N","Y",38.6505405,-90.2664366,2020,1986
"MLS Listing",NA,"Single Family Residential","7448 Ahern Ave","St Louis","MO",63130,179900,3,2,"University City",1321,8102,1955,202,136,NA,"Active","","","http://www.redfin.com/MO/University-City/7448-Ahern-Ave-63130/home/62688490","MARIS","19055084","N","Y",38.6683195,-90.3296938,2020,1987
"MLS Listing",NA,"Single Family Residential","526 Donne Ave","St Louis","MO",63130,562000,3,3,"University City",2804,7013,1932,206,200,NA,"Active","","","http://www.redfin.com/MO/University-City/526-Donne-Ave-63130/home/93471331","MARIS","19054773","N","Y",38.658002,-90.3385459,2020,1988
"MLS Listing",NA,"Single Family Residential","5795 Lindell Blvd","St Louis","MO",63112,1275000,4,6,"Central West",8000,53013,1926,213,159,NA,"Active","","","http://www.redfin.com/MO/St-Louis/5795-Lindell-Blvd-63112/home/93763378","MARIS","19052592","N","Y",38.6470443,-90.2902641,2020,1989
"MLS Listing",NA,"Single Family Residential","5227 Minerva Ave","St Louis","MO",63113,43000,5,1,"North",1670,8276,1891,214,26,NA,"Active","","","http://www.redfin.com/MO/St-Louis/5227-Minerva-Ave-63113/home/93721358","MARIS","19045592","N","Y",38.6620751,-90.2693584,2020,1990
"MLS Listing",NA,"Single Family Residential","15 Portland Pl","St Louis","MO",63108,2250000,8,7,"Central West",12028,19863,1896,215,187,417,"Active","","","http://www.redfin.com/MO/St-Louis/15-Portland-Pl-63108/home/93745996","MARIS","19049725","N","Y",38.6474838,-90.2670781,2020,1991
"MLS Listing",NA,"Condo/Co-op","5900 Mcpherson Unit 3W","St Louis","MO",63112,149000,2,2,"Central West",1082,NA,1911,215,138,219,"Active","","","http://www.redfin.com/MO/St-Louis/5900-McPherson-Ave-63112/unit-3W/home/86089163","MARIS","19048099","N","Y",38.6509562,-90.2919286,2020,1992
"MLS Listing",NA,"Single Family Residential","1415 Union","St Louis","MO",63113,115000,5,2,"North",2202,9060,1914,227,52,NA,"Active","","","http://www.redfin.com/MO/St-Louis/1415-Union-63113/home/167154724","MARIS","19048397","N","Y",38.663938,-90.269968,2020,1993
"MLS Listing",NA,"Single Family Residential","1443 Coolidge","St Louis","MO",63132,110000,2,2,"University City",850,6534,1950,230,129,NA,"Active","","","http://www.redfin.com/MO/St-Louis/1443-Coolidge-Dr-63132/home/93447555","MARIS","19047508","N","Y",38.6793329,-90.3550334,2020,1994
"MLS Listing",NA,"Single Family Residential","8674 Spoon Dr","University City","MO",63132,238500,4,3,"University City",1594,10942,1959,243,150,NA,"Active","","","http://www.redfin.com/MO/St-Louis/8674-Spoon-Dr-63132/home/93462574","MARIS","19043687","N","Y",38.6709217,-90.3606586,2020,1995
"MLS Listing",NA,"Single Family Residential","1132 Hilltop Dr","St Louis","MO",63132,499000,4,3,"Ladue",2327,6534,NA,244,214,NA,"Active","","","http://www.redfin.com/MO/Olivette/1132-Hilltop-Ave-63132/home/93462650","MARIS","19043045","N","Y",38.6754561,-90.3641518,2020,1996
"MLS Listing",NA,"Single Family Residential","1528 Engelholm Ave","St Louis","MO",63133,39999,3,1,"Normandy",1176,4269,1915,245,34,NA,"Active","","","http://www.redfin.com/MO/St-Louis/1528-Engelholm-Ave-63133/home/93444049","MARIS","19043054","N","Y",38.6867235,-90.3037454,2020,1997
"MLS Listing",NA,"Single Family Residential","49 Stoneyside Ln","St Louis","MO",63132,1300000,5,5,"Ladue",4000,20081,NA,251,325,NA,"Active","","","http://www.redfin.com/MO/Olivette/49-Stoneyside-Ln-63132/home/93463172","MARIS","19041201","N","Y",38.6648,-90.388698,2020,1998
"MLS Listing",NA,"Single Family Residential","4201 Darby","St Louis","MO",63120,29900,2,1,"North",792,4051,NA,265,38,NA,"Active","","","http://www.redfin.com/MO/St-Louis/4201-Darby-St-63120/home/93732372","MARIS","19037739","N","Y",38.6912721,-90.2728219,2020,1999
"MLS Listing",NA,"Single Family Residential","1134 Watts Ave","St Louis","MO",63130,85900,2,2,"University City",888,3703,1956,268,97,NA,"Active","","","http://www.redfin.com/MO/University-City/1134-Watts-St-63130/home/93458554","MARIS","19035687","N","Y",38.6698833,-90.3197657,2020,2000
"MLS Listing",NA,"Single Family Residential","5609 Chamberlain Ave","St Louis","MO",63112,77900,6,3,"Central West",2620,7884,1898,279,30,NA,"Active","","","http://www.redfin.com/MO/St-Louis/5609-Chamberlain-Ave-63112/home/93722397","MARIS","19033552","N","Y",38.6617172,-90.2813955,2020,2001
"MLS Listing",NA,"Single Family Residential","32 Forsythia","Olivette","MO",63132,849900,5,4,"Ladue",2636,21780,NA,296,322,NA,"Active","","","http://www.redfin.com/MO/Olivette/32-Forsythia-Ln-63132/home/93450294","MARIS","19028079","N","Y",38.6787948,-90.389183,2020,2002
"MLS Listing",NA,"Multi-Family (5+ Unit)","1287 Amherst Unit A1","St Louis","MO",63112,360000,NA,NA,"Central West",11219,NA,1982,297,32,160,"Active","","","http://www.redfin.com/MO/St-Louis/1287-Amherst-Pl-63112/unit-A1/home/62773735","MARIS","19026709","N","Y",38.668965,-90.289278,2020,2003
"MLS Listing",NA,"Condo/Co-op","5696 Kingsbury #302","St Louis","MO",63112,83500,1,1,"Central West",680,NA,1917,300,123,222,"Active","","","http://www.redfin.com/MO/St-Louis/5696-Kingsbury-Ave-63112/unit-302/home/93680437","MARIS","19026998","N","Y",38.6510831,-90.2844373,2020,2004
"MLS Listing",NA,"Single Family Residential","7000 Julian Ave","University City","MO",63130,150000,4,2,"University City",1225,6098,1953,305,122,NA,"Active","","","http://www.redfin.com/MO/University-City/7000-Julian-Ave-63130/home/93459266","MARIS","19025742","N","Y",38.6702732,-90.315643,2020,2005
"MLS Listing",NA,"Single Family Residential","9644 Old Bonhomme","St Louis","MO",63132,1295000,5,6,"Ladue",3808,26136,NA,330,340,17,"Active","","","http://www.redfin.com/MO/Olivette/9644-Old-Bonhomme-Rd-63132/home/109673373","MARIS","19017132","N","Y",38.667791,-90.388402,2020,2006
"MLS Listing",NA,"Single Family Residential","738 Harvest Ln","Olivette","MO",63132,799000,5,5,"Ladue",3412,7797,NA,364,234,NA,"Active","","","http://www.redfin.com/MO/Olivette/738-Harvest-Ln-63132/home/93462050","MARIS","19008171","N","Y",38.671233,-90.3790252,2020,2007
"MLS Listing",NA,"Single Family Residential","2150 Oakdale","Hillsdale","MO",63121,27000,4,2,"Normandy",880,NA,2005,368,31,NA,"Active","","","http://www.redfin.com/MO/St-Louis/2150-Oakdale-Ave-63121/home/93444909","MARIS","19007403","N","Y",38.6860899,-90.2843211,2020,2008
"MLS Listing",NA,"Single Family Residential","7 Arbor Rd","St Louis","MO",63132,1450000,4,4,"Ladue",4000,47350,NA,382,363,38,"Active","","","http://www.redfin.com/MO/Olivette/7-Arbor-Rd-63132/home/93461472","MARIS","19004197","N","Y",38.6631797,-90.3839124,2020,2009
"MLS Listing",NA,"Single Family Residential","1800 Northfield Dr","St Louis","MO",63114,79900,3,1,"Ritenour",942,8046,1952,403,85,NA,"Active","","","http://www.redfin.com/MO/Overland/1800-Northfield-Dr-63114/home/93437788","MARIS","19000575","N","Y",38.6925667,-90.3811532,2020,2010
"MLS Listing",NA,"Multi-Family (5+ Unit)","5832 Cabanne Ave","St Louis","MO",63112,1395000,NA,NA,"Central West",28772,21501,1929,419,48,NA,"Active","","","http://www.redfin.com/MO/St-Louis/5832-Cabanne-Ave-63112/home/93723909","MARIS","18087986","N","Y",38.6586103,-90.2874629,2020,2011
"MLS Listing",NA,"Single Family Residential","5210 Washington Pl","St Louis","MO",63108,335000,6,6,"Central West",5592,8146,1902,607,60,NA,"Active","","","http://www.redfin.com/MO/St-Louis/5210-Washington-Pl-63108/home/93749447","MARIS","18047138","N","Y",38.650978,-90.270381,2020,2012
"MLS Listing",NA,"Single Family Residential","11 Bon Price Ln","Olivette","MO",63132,699000,4,4,"Ladue",2200,12589,NA,697,318,NA,"Active","","","http://www.redfin.com/MO/Olivette/11-Bon-Price-Ln-63132/home/93461830","MARIS","18018938","N","Y",38.6685816,-90.3650727,2020,2013
"MLS Listing",NA,"Vacant Land","6520 Julian Ave","University City","MO",63133,12000,NA,NA,"University City",NA,NA,NA,1763,NA,NA,"Active","","","http://www.redfin.com/MO/St-Louis/6520-Julian-Ave-63133/home/76422733","MARIS","15020483","N","Y",38.669889,-90.303273,2020,2014
"MLS Listing",NA,"Vacant Land","6522 Julian Ave","University City","MO",63133,12000,NA,NA,"University City",NA,NA,NA,1763,NA,NA,"Active","","","http://www.redfin.com/MO/St-Louis/6522-Julian-Ave-63133/home/76422732","MARIS","15020471","N","Y",38.669899,-90.303377,2020,2015
"For-Sale-by-Owner Listing",NA,"Single Family Residential","6511 Crest Ave Unit A","University City","MO",63130,141000,3,4.5,"Saint Louis",1728,4356,2006,138,82,NA,"Active","","","http://www.redfin.com/MO/University-City/6511-Crest-Ave-63130/unit-A/home/62713441","Fizber.com","5033075","N","Y",38.6657408,-90.3028459,2020,2016
"MLS Listing",NA,"Single Family Residential","258 New Salem Dr","St Louis","MO",63141,850000,5,5,"Parkway North",3727,44997,1967,1,228,33,"Active","","","http://www.redfin.com/MO/Creve-Coeur/258-New-Salem-Dr-63141/home/93473138","MARIS","20005189","N","Y",38.6510737,-90.434725,2020,2127
"MLS Listing",NA,"Condo/Co-op","11881 Cresta Verde Unit E","St Louis","MO",63146,92000,2,1,"Parkway North",870,8756,1968,2,106,244,"Active","","","http://www.redfin.com/MO/St-Louis/11881-Cresta-Verde-Dr-63146/unit-E/home/103206454","MARIS","20007853","N","Y",38.6920118,-90.4375985,2020,2127
"MLS Listing",NA,"Single Family Residential","14081 Cross Trl","Chesterfield","MO",63017,625000,5,5,"Parkway Central",2961,24611,1965,3,211,32,"Active","","","http://www.redfin.com/MO/Chesterfield/14081-Cross-Trails-Dr-63017/home/93465827","MARIS","20007854","N","Y",38.6633209,-90.5111476,2020,2127
"MLS Listing",NA,"Condo/Co-op","974 Somerfor","St Louis","MO",63141,189900,3,3,"Parkway North",1626,6839,1979,3,117,400,"Active","","","http://www.redfin.com/MO/Creve-Coeur/974-Somerfor-Pl-63141/home/93453894","MARIS","20007919","N","Y",38.677252,-90.476917,2020,2127
"MLS Listing",NA,"Single Family Residential","856 Larkin Ave","St Louis","MO",63141,539000,4,3,"Ladue",1840,18731,1965,4,293,NA,"Active","","","http://www.redfin.com/MO/Creve-Coeur/856-Larkin-Ave-63141/home/93463816","MARIS","20006684","N","Y",38.6723354,-90.4160711,2020,2127
"MLS Listing",NA,"Single Family Residential","15 Spoede Ln","Creve Coeur","MO",63141,1150000,4,6,"Ladue",4200,40075,1938,4,274,NA,"Active","","","http://www.redfin.com/MO/Creve-Coeur/15-Spoede-Ln-63141/home/93473305","MARIS","20007319","N","Y",38.660547,-90.4179522,2020,2127
"MLS Listing",NA,"Single Family Residential","380 Statesman Ct","Chesterfield","MO",63017,350000,5,4,"Parkway Central",2302,39204,1967,4,152,8,"Active","","","http://www.redfin.com/MO/Chesterfield/380-Statesman-Ct-63017/home/93465990","MARIS","20003875","N","Y",38.6721165,-90.5121519,2020,2127
"MLS Listing",NA,"Single Family Residential","536 Fairways Cir","St Louis","MO",63141,639000,4,3,"Parkway North",3137,30056,1959,4,204,5,"Active","","","http://www.redfin.com/MO/Creve-Coeur/536-Fairways-Cir-63141/home/93462917","MARIS","20006913","N","Y",38.6643128,-90.4305543,2020,2127
"MLS Listing",NA,"Single Family Residential","1542 Gold Leaf Dr","St Louis","MO",63146,310000,3,3,"Parkway North",2280,12197,1965,5,136,NA,"Active","","","http://www.redfin.com/MO/St-Louis/1542-Gold-Leaf-Dr-63146/home/93453750","MARIS","20006688","N","Y",38.6874857,-90.4392682,2020,2127
"MLS Listing",NA,"Condo/Co-op","10358 Chimney Rock #10","St Louis","MO",63146,139900,2,2,"Pattonville",1718,2222,1973,6,81,408,"Active","","","http://www.redfin.com/MO/St-Louis/10358-Chimney-Rock-Dr-63146/unit-10/home/93450677","MARIS","20006611","N","Y",38.6831084,-90.40725,2020,2127
"MLS Listing",NA,"Single Family Residential","543 Oakhaven Ln","St Louis","MO",63141,1240000,6,7,"Ladue",4983,23087,2011,7,249,NA,"Active","","","http://www.redfin.com/MO/Creve-Coeur/543-Oakhaven-Ln-63141/home/93463439","MARIS","20006692","N","Y",38.6683122,-90.4239456,2020,2127
"MLS Listing",NA,"Single Family Residential","259 Stablestone Dr","Chesterfield","MO",63017,379000,4,4,"Parkway Central",2242,12327,1978,10,169,15,"Active","","","http://www.redfin.com/MO/Chesterfield/259-Stablestone-Dr-63017/home/93467035","MARIS","20006018","N","Y",38.6707048,-90.5194261,2020,2127
"MLS Listing",NA,"Condo/Co-op","1233 Guelbreth Ln #210","St Louis","MO",63146,94900,2,2,"Pattonville",945,2352,1973,10,100,278,"Active","","","http://www.redfin.com/MO/St-Louis/1233-Guelbreth-Ln-63146/unit-210/home/93450350","MARIS","20006336","N","Y",38.6825603,-90.4085381,2020,2127
"MLS Listing",NA,"Single Family Residential","111 N Mosley Rd","Creve Coeur","MO",63141,1380000,4,4,"Parkway North",3166,40816,NA,11,436,NA,"Active","","","http://www.redfin.com/MO/Creve-Coeur/111-N-Mosley-Rd-63141/home/93473120","MARIS","20006092","N","Y",38.6560279,-90.429697,2020,2127
"MLS Listing",NA,"Condo/Co-op","14305 Quiet Meadow Ct","Chesterfield","MO",63017,364900,2,4,"Parkway Central",2298,7057,1982,13,159,545,"Active","February-16-2020 01:00 PM","February-16-2020 03:00 PM","http://www.redfin.com/MO/Chesterfield/14305-Quiet-Meadow-Ct-63017/home/93474904","MARIS","20005591","N","Y",38.6489766,-90.5198581,2020,2127
"MLS Listing",NA,"Single Family Residential","953 Flair","St Louis","MO",63146,259900,5,3,"Parkway North",1834,10019,1964,14,142,NA,"Active","","","http://www.redfin.com/MO/St-Louis/953-Flair-Ct-63146/home/93452525","MARIS","20005198","N","Y",38.6763612,-90.456668,2020,2127
"MLS Listing",NA,"Single Family Residential","663 Pine Creek-tbb Dr","Town and Country","MO",63017,999940,4,4,"Parkway Central",3200,28880,NA,17,312,300,"Active","","","http://www.redfin.com/MO/Chesterfield/663-Pine-Creek-Dr-63017/home/160466607","MARIS","20004926","N","Y",38.6395412,-90.4918806,2020,2127
"MLS Listing",NA,"Condo/Co-op","10420 Willowdale Dr","St Louis","MO",63146,148900,3,2,"Pattonville",1276,3572,1963,17,117,317,"Active","","","http://www.redfin.com/MO/St-Louis/10420-Willowdale-Dr-63146/home/93449691","MARIS","20003947","N","Y",38.677201,-90.409432,2020,2127
"MLS Listing",NA,"Single Family Residential","100 Tufton Farm Ct","Creve Coeur","MO",63141,1500000,4,6,"Parkway North",6225,22956,2015,18,241,350,"Active","","","http://www.redfin.com/MO/Creve-Coeur/100-Tufton-Farm-Ct-63141/home/146097538","MARIS","20000277","N","Y",38.6569444,-90.4775022,2020,2127
"MLS Listing",NA,"Single Family Residential","1216 Finger Lake Ct","Chesterfield","MO",63017,354000,4,2,"Parkway Central",2369,10890,1977,18,149,29,"Active","","","http://www.redfin.com/MO/Chesterfield/1216-Finger-Lake-Ct-63017/home/93474691","MARIS","20002598","N","Y",38.6563786,-90.5155745,2020,2127
"MLS Listing",NA,"Vacant Land","263 River Valley Dr","Chesterfield","MO",63017,269900,NA,NA,"Parkway Central",NA,43604,NA,18,NA,NA,"Active","","","http://www.redfin.com/MO/Chesterfield/263-River-Valley-Dr-63017/home/62716848","MARIS","20004063","N","Y",38.6848515,-90.5030629,2020,2127
"MLS Listing",NA,"Condo/Co-op","13515 Coliseum Dr Unit E","Chesterfield","MO",63017,163999,2,2,"Parkway Central",1000,1917,1970,19,164,242,"Active","","","http://www.redfin.com/MO/Chesterfield/13515-Coliseum-Dr-63017/unit-E/home/103206906","MARIS","20004412","N","Y",38.6816098,-90.4999818,2020,2127
"MLS Listing",NA,"Single Family Residential","31 Beacon Hl Unit TBB","St Louis","MO",63141,1385000,4,5,"Parkway North",4532,38333,NA,20,306,8,"Active","","","http://www.redfin.com/MO/Creve-Coeur/31-Beacon-Hill-Ln-63141/unit-TBB/home/170519015","MARIS","20003684","N","Y",38.651726,-90.450128,2020,2127
"MLS Listing",NA,"Single Family Residential","402 Conway Cmns","Town and Country","MO",63141,1549000,4,6,"Parkway Central",5481,43560,1993,23,283,NA,"Active","","","http://www.redfin.com/MO/St-Louis/402-Conway-Commons-Ln-63141/home/93481700","MARIS","20003707","N","Y",38.6480027,-90.4866267,2020,2127
"MLS Listing",NA,"Single Family Residential","1154 Dautel Ln","St Louis","MO",63146,432900,4,4,"Pattonville",2218,10019,1992,24,195,NA,"Active","","","http://www.redfin.com/MO/St-Louis/1154-Dautel-Ln-63146/home/93451145","MARIS","20002100","N","Y",38.6805216,-90.4226441,2020,2127
"MLS Listing",NA,"Single Family Residential","12579 Merrick Dr","St Louis","MO",63146,189900,3,2,"Parkway North",1778,15290,1963,28,107,NA,"Active","","","http://www.redfin.com/MO/St-Louis/12579-Merrick-Dr-63146/home/62707780","MARIS","20002610","N","Y",38.6884637,-90.4608333,2020,2127
"MLS Listing",NA,"Single Family Residential","437 Greenstone Dr","Chesterfield","MO",63017,394900,4,3,"Parkway Central",2928,13939,1981,28,135,14,"Active","","","http://www.redfin.com/MO/Chesterfield/437-Greenstone-Dr-63017/home/62723318","MARIS","20002098","N","Y",38.6742999,-90.5191553,2020,2127
"MLS Listing",NA,"Single Family Residential","13028 Conway Estates Dr","Town and Country","MO",63141,950000,4,5,"Parkway Central",3842,47916,1979,30,247,21,"Active","","","http://www.redfin.com/MO/St-Louis/13028-Conway-Estates-Dr-63141/home/93473933","MARIS","20001651","N","Y",38.6493843,-90.4818779,2020,2127
"MLS Listing",NA,"Single Family Residential","1 River Valley Dr","Chesterfield","MO",63017,419900,5,4,"Parkway Central",2486,15246,1995,31,169,NA,"Active","","","http://www.redfin.com/MO/Chesterfield/1-River-Valley-Dr-63017/home/93455119","MARIS","20002180","N","Y",38.6812642,-90.5046763,2020,2127
"MLS Listing",NA,"Single Family Residential","1825 Seven Pines Dr","St Louis","MO",63146,249900,3,2,"Parkway North",1679,13068,1968,31,149,30,"Active","","","http://www.redfin.com/MO/St-Louis/1825-Seven-Pines-Dr-63146/home/93442461","MARIS","20002043","N","Y",38.69315,-90.4764659,2020,2127
"MLS Listing",NA,"Single Family Residential","12903 Somerton Ridge Dr","St Louis","MO",63141,374900,3,4,"Parkway North",2676,10193,1976,32,140,11,"Active","","","http://www.redfin.com/MO/Creve-Coeur/12903-Somerton-Ridge-Dr-63141/home/93453882","MARIS","19089772","N","Y",38.676378,-90.475951,2020,2127
"MLS Listing",NA,"Single Family Residential","25 Oak Park Dr","Creve Coeur","MO",63141,595000,3,4,"Ladue",2366,43996,1955,32,251,15,"Active","","","http://www.redfin.com/MO/Creve-Coeur/25-Oak-Park-Dr-63141/home/93481321","MARIS","20001718","N","Y",38.6485159,-90.4171205,2020,2127
"MLS Listing",NA,"Single Family Residential","14 N Walling","St Louis","MO",63141,1650000,5,6,"Parkway North",4835,44257,NA,34,341,NA,"Active","","","http://www.redfin.com/MO/Creve-Coeur/14-N-Walling-Dr-63141/home/93465051","MARIS","20001358","N","Y",38.6665053,-90.4741059,2020,2127
"MLS Listing",NA,"Single Family Residential","120 S Spoede Rd","Creve Coeur","MO",63141,849000,4,4,"Ladue",3000,43996,1960,34,283,NA,"Active","","","http://www.redfin.com/MO/Creve-Coeur/120-S-Spoede-Rd-63141/home/93472914","MARIS","20001130","N","Y",38.65274,-90.414855,2020,2127
"MLS Listing",NA,"Single Family Residential","1664 Legend Ln","St Louis","MO",63146,269900,4,3,"Pattonville",1878,12240,1978,37,144,NA,"Active","","","http://www.redfin.com/MO/St-Louis/1664-Legend-Ln-63146/home/93451990","MARIS","20000753","N","Y",38.6897345,-90.428655,2020,2127
"MLS Listing",NA,"Single Family Residential","330 Upper Conway Estates Ct","Town and Country","MO",63141,1950000,5,7,"Parkway Central",4842,45302,NA,37,403,NA,"Active","","","http://www.redfin.com/MO/Town-and-Country/330-Conway-Estates-Dr-63141/home/146815801","MARIS","19088970","N","Y",38.649378,-90.49732,2020,2127
"MLS Listing",NA,"Single Family Residential","31 Westwood Ct","Westwood","MO",63131,1399500,4,5,"Ladue",4632,62073,2004,38,302,NA,"Active","","","http://www.redfin.com/MO/St-Louis/31-Westwood-Ct-63131/home/93480879","MARIS","19089677","N","Y",38.6387078,-90.4331779,2020,2127
"MLS Listing",NA,"Single Family Residential","1735 Seven Pines Dr","St Louis","MO",63146,279000,3,3,"Parkway North",1866,13896,1969,52,150,30,"Active","","","http://www.redfin.com/MO/St-Louis/1735-Seven-Pines-Dr-63146/home/93442434","MARIS","19089846","N","Y",38.6906417,-90.4741612,2020,2127
"MLS Listing",NA,"Single Family Residential","718 Questover Ln","St Louis","MO",63141,649000,4,6,"Parkway North",4133,16117,2006,60,157,NA,"Active","","","http://www.redfin.com/MO/Creve-Coeur/718-Questover-Ln-63141/home/93324489","MARIS","19088836","N","Y",38.669665,-90.4605799,2020,2127
"MLS Listing",NA,"Condo/Co-op","970 Spoede Rd #42","St Louis","MO",63146,186900,2,2,"Ladue",1716,NA,1981,62,109,456,"Active","","","http://www.redfin.com/MO/St-Louis/970-N-Spoede-Rd-63146/unit-42/home/93463914","MARIS","19088475","N","Y",38.6755779,-90.4153882,2020,2127
"MLS Listing",NA,"Vacant Land","283 Pointe Conway Hill Ct","Town and Country","MO",63141,550000,NA,NA,"Parkway Central",NA,NA,NA,66,NA,NA,"Active","","","http://www.redfin.com/MO/St-Louis/283-Conway-Hill-Rd-63141/home/166989801","MARIS","19087930","N","Y",38.652913,-90.499756,2020,2127
"MLS Listing",NA,"Single Family Residential","0 The Berkshire - Conway Rd","Town and Country","MO",63141,1787900,3,3,"Parkway Central",5158,NA,NA,66,347,125,"Active","","","http://www.redfin.com/MO/St-Louis/Conway-Rd-63141/home/170022731","MARIS","19086080","N","Y",38.646507,-90.495711,2020,2127
"MLS Listing",NA,"Single Family Residential","778 Bellerive Manor Dr","St Louis","MO",63141,499999,4,5,"Parkway North",4256,12197,2000,75,117,NA,"Active","","","http://www.redfin.com/MO/Creve-Coeur/778-Bellerive-Manor-Dr-63141/home/93465240","MARIS","19086499","N","Y",38.6751918,-90.4878071,2020,2127
"MLS Listing",NA,"Single Family Residential","70 River Vly","Chesterfield","MO",63017,369900,5,3,"Parkway Central",2080,47916,1965,75,178,15,"Active","","","http://www.redfin.com/MO/Chesterfield/70-River-Valley-Dr-63017/home/93455630","MARIS","19086075","N","Y",38.6878176,-90.5035242,2020,2127
"MLS Listing",NA,"Condo/Co-op","564 Sarah #307","Creve Coeur","MO",63141,184900,3,2,"Parkway North",1784,2309,1980,77,104,400,"Active","","","http://www.redfin.com/MO/St-Louis/564-Sarah-Ln-63141/unit-307/home/66759698","MARIS","19086146","N","Y",38.6646002,-90.4390341,2020,2127
"MLS Listing",NA,"Single Family Residential","8 Spoede Woods","St Louis","MO",63141,700000,4,3,"Ladue",2399,20212,1965,79,292,NA,"Active","","","http://www.redfin.com/MO/Creve-Coeur/8-Spoede-Woods-Dr-63141/home/93463238","MARIS","19085963","N","Y",38.6694516,-90.4121186,2020,2127
"MLS Listing",NA,"Condo/Co-op","14323 Cross Timbers Ct","Chesterfield","MO",63017,299000,3,4,"Parkway West",1950,6534,1985,80,153,500,"Active","","","http://www.redfin.com/MO/Chesterfield/14323-Cross-Timbers-Ct-63017/home/93482187","MARIS","19085869","N","Y",38.641049,-90.518946,2020,2127
"MLS Listing",NA,"Single Family Residential","182 S Mason","St Louis","MO",63141,989000,5,6,"Parkway Central",4465,43560,1989,82,222,NA,"Active","","","http://www.redfin.com/MO/Creve-Coeur/182-S-Mason-Rd-63141/home/93473958","MARIS","19084923","N","Y",38.652869,-90.4786601,2020,2127
"MLS Listing",NA,"Single Family Residential","15 S Spoede Rd","St Louis","MO",63141,779000,4,4,"Ladue",3018,44867,1956,88,258,NA,"Active","","","http://www.redfin.com/MO/Creve-Coeur/15-S-Spoede-Rd-63141/home/93472927","MARIS","19083934","N","Y",38.654431,-90.415832,2020,2127
"MLS Listing",NA,"Single Family Residential","11117 Stoney View Ln","Unincorporated","MO",63146,280000,4,3,"Pattonville",2394,10019,1964,92,117,NA,"Active","","","http://www.redfin.com/MO/St-Louis/11117-Stoney-View-Ln-63146/home/93451159","MARIS","19081941","N","Y",38.678865,-90.4159938,2020,2127
"MLS Listing",NA,"Condo/Co-op","526 Sarah Ln #46","Creve Coeur","MO",63141,249900,2,2,"Parkway North",1540,1847,1986,95,162,337,"Active","","","http://www.redfin.com/MO/St-Louis/526-Sarah-Ln-63141/unit-46/home/75247700","MARIS","19083058","N","Y",38.6639475,-90.4390345,2020,2127
"MLS Listing",NA,"Condo/Co-op","1153 Rue La Vl #1153","St Louis","MO",63141,95900,1,1,"Parkway North",551,871,1967,96,174,129,"Active","","","http://www.redfin.com/MO/Creve-Coeur/1153-Rue-La-Ville-Walk-63141/unit-1153/home/93323937","MARIS","19082653","N","Y",38.679942,-90.47627,2020,2127
"MLS Listing",NA,"Single Family Residential","11239 Mosley Hill Dr","St Louis","MO",63141,1450000,4,6,"Ladue",3682,46609,1989,101,394,NA,"Active","","","http://www.redfin.com/MO/Creve-Coeur/11239-Mosley-Hill-Dr-63141/home/62700639","MARIS","19078234","N","Y",38.658335,-90.427903,2020,2127
"MLS Listing",NA,"Single Family Residential","501 Marford Dr","Creve Coeur","MO",63141,442000,3,3,"Parkway North",2377,24786,1970,101,186,8,"Active","","","http://www.redfin.com/MO/Creve-Coeur/501-Marford-Dr-63141/home/93462905","MARIS","19081792","N","Y",38.66262,-90.4357565,2020,2127
"MLS Listing",NA,"Condo/Co-op","13108 Firtree Ct","St Louis","MO",63146,282000,1,3,"Parkway North",1392,5227,1998,103,203,181,"Active","","","http://www.redfin.com/MO/St-Louis/13108-Firtree-Ct-63146/home/93454063","MARIS","19078822","N","Y",38.683053,-90.483225,2020,2127
"MLS Listing",NA,"Single Family Residential","11961 Randy","St Louis","MO",63141,437000,3,2,"Parkway North",1630,15115,1962,105,268,2,"Active","","","http://www.redfin.com/MO/Creve-Coeur/11961-Randy-Dr-63141/home/93464517","MARIS","19078415","N","Y",38.6654768,-90.4459555,2020,2127
"MLS Listing",NA,"Single Family Residential","12431 Cohasset Ln","St Louis","MO",63146,245000,4,2,"Parkway North",1699,10163,1961,108,144,1,"Active","","","http://www.redfin.com/MO/St-Louis/12431-Cohasset-Ln-63146/home/93442043","MARIS","19077242","N","Y",38.6931602,-90.4532035,2020,2127
"MLS Listing",NA,"Single Family Residential","10311 N Sunswept Dr","St Louis","MO",63141,669500,4,3,"Ladue",2096,19907,1959,109,319,10,"Active","","","http://www.redfin.com/MO/Creve-Coeur/10311-N-Sunswept-Dr-63141/home/93462741","MARIS","19078837","N","Y",38.6658959,-90.407208,2020,2127
"MLS Listing",NA,"Single Family Residential","12519 Larkwood Dr","St Louis","MO",63146,399000,5,3,"Parkway North",2416,10528,1965,109,165,4,"Active","","","http://www.redfin.com/MO/St-Louis/12519-Larkwood-Dr-63146/home/93453090","MARIS","19076566","N","Y",38.6841315,-90.4589533,2020,2127
"MLS Listing",NA,"Single Family Residential","114 Pillar Ln","St Louis","MO",63141,698000,6,4,"Ladue",4036,73616,1959,110,173,NA,"Active","","","http://www.redfin.com/MO/Creve-Coeur/114-Pillar-Ln-63141/home/93472337","MARIS","19076174","N","Y",38.6528439,-90.4064897,2020,2127
"MLS Listing",NA,"Single Family Residential","12300 Ladue Woods Dr","Creve Coeur","MO",63141,595000,6,4,"Parkway North",3512,73499,1969,112,169,6,"Active","","","http://www.redfin.com/MO/Creve-Coeur/12300-Ladue-Woods-Dr-63141/home/93481393","MARIS","19077160","N","Y",38.648483,-90.45696,2020,2127
"MLS Listing",NA,"Single Family Residential","316 Conway Gardens Ct","Creve Coeur","MO",63141,634900,4,4,"Parkway Central",3618,29721,1975,114,175,NA,"Active","","","http://www.redfin.com/MO/Creve-Coeur/316-Conway-Garden-Ct-63141/home/68134866","MARIS","19054970","N","Y",38.6502229,-90.464254,2020,2127
"MLS Listing",NA,"Condo/Co-op","12966 Burning Bush Ct","St Louis","MO",63146,215000,3,4,"Parkway North",1780,7449,1975,115,121,328,"Active","","","http://www.redfin.com/MO/St-Louis/12966-Burning-Bush-Ct-63146/home/93454447","MARIS","19077328","N","Y",38.684105,-90.478333,2020,2127
"MLS Listing",NA,"Single Family Residential","22 Muirfield Ln","St Louis","MO",63141,899000,6,6,"Parkway North",4011,50399,1974,129,224,NA,"Active","","","http://www.redfin.com/MO/St-Louis/22-Muirfield-Ln-63141/home/93464838","MARIS","19074508","N","Y",38.6688767,-90.4850591,2020,2127
"MLS Listing",NA,"Single Family Residential","12243 Ladue Rd","Creve Coeur","MO",63141,895000,4,4,"Parkway North",3152,44823,NA,139,284,NA,"Active","","","http://www.redfin.com/MO/Creve-Coeur/12243-Ladue-Rd-63141/home/167000988","MARIS","19071894","N","Y",38.6560879,-90.4573209,2020,2127
"MLS Listing",NA,"Single Family Residential","11 Spoede Ln","St Louis","MO",63141,2175000,4,6,"Ladue",5400,36155,NA,144,403,NA,"Active","","","http://www.redfin.com/MO/Creve-Coeur/11-Spoede-Ln-63141/home/93473307","MARIS","19070396","N","Y",38.6600016,-90.4180963,2020,2127
"MLS Listing",NA,"Vacant Land","31 Beacon Hl","St Louis","MO",63141,410000,NA,NA,"Parkway North",NA,38333,NA,145,NA,8,"Active","February-16-2020 01:00 AM","February-16-2020 03:00 PM","http://www.redfin.com/MO/Creve-Coeur/31-Beacon-Hill-Ln-63141/home/166938002","MARIS","19070569","N","Y",38.651726,-90.450128,2020,2127
"MLS Listing",NA,"Single Family Residential","121 Seabrook Ct","Chesterfield","MO",63017,395000,4,5,"Parkway Central",2846,15246,1999,152,139,NA,"Active","","","http://www.redfin.com/MO/Chesterfield/121-Seabrook-Ct-63017/home/93625920","MARIS","19068811","N","Y",38.6628857,-90.5166819,2020,2127
"MLS Listing",NA,"Single Family Residential","2030 Midfield Ln","St Louis","MO",63146,223000,3,3,"Parkway North",1306,4356,1987,157,171,230,"Active","","","http://www.redfin.com/MO/St-Louis/2030-Midfield-Ln-63146/home/93442790","MARIS","19066579","N","Y",38.6935955,-90.477646,2020,2127
"MLS Listing",NA,"Vacant Land","1365 Craig Rd","St Louis","MO",63146,229900,NA,NA,"Parkway North",NA,41382,NA,160,NA,NA,"Active","","","http://www.redfin.com/MO/St-Louis/1365-Craig-Rd-63146/home/93452871","MARIS","19066614","N","Y",38.6803954,-90.4402695,2020,2127
"MLS Listing",NA,"Condo/Co-op","303 Carlyle Lk","Creve Coeur","MO",63141,599000,3,3,"Parkway North",3127,6534,1993,168,192,825,"Active","","","http://www.redfin.com/MO/Creve-Coeur/303-Carlyle-Lake-Dr-63141/home/93473922","MARIS","19064026","N","Y",38.660154,-90.442711,2020,2127
"MLS Listing",NA,"Single Family Residential","13120 Bellerive Farm Dr","St Louis","MO",63141,612500,5,5,"Parkway North",4286,10890,2001,181,143,25,"Active","","","http://www.redfin.com/MO/Creve-Coeur/13120-Bellerive-Farm-Dr-63141/home/93626064","MARIS","19060594","N","Y",38.678418,-90.485308,2020,2127
"MLS Listing",NA,"Single Family Residential","69 E Ladue Estates Dr","Creve Coeur","MO",63141,664900,4,5,"Ladue",3179,38812,1964,187,209,21,"Active","","","http://www.redfin.com/MO/Creve-Coeur/69-Ladue-Estates-Dr-63141/home/93472860","MARIS","19059574","N","Y",38.651206,-90.425828,2020,2127
"MLS Listing",NA,"Condo/Co-op","14119 Woods Mill Cove Dr","Chesterfield","MO",63017,419900,3,3,"Parkway Central",3557,6970,1992,205,118,420,"Active","","","http://www.redfin.com/MO/Chesterfield/14119-Woods-Mill-Cove-Dr-63017/home/93474513","MARIS","19054878","N","Y",38.651426,-90.512261,2020,2127
"MLS Listing",NA,"Condo/Co-op","14375 Cedar Springs Dr","Town and Country","MO",63017,374900,3,4,"Parkway West",2398,6098,1982,208,156,500,"Active","","","http://www.redfin.com/MO/Chesterfield/14375-Cedar-Springs-Dr-63017/home/93482584","MARIS","19054142","N","Y",38.637961,-90.520525,2020,2127
"MLS Listing",NA,"Single Family Residential","12114 Ladue Rd","St Louis","MO",63141,574900,3,4,"Parkway North",2917,50138,1952,209,197,NA,"Active","","","http://www.redfin.com/MO/Creve-Coeur/12114-Ladue-Rd-63141/home/93473502","MARIS","19053634","N","Y",38.655014,-90.45245,2020,2127
"MLS Listing",NA,"Condo/Co-op","324 Morristown Ct","Chesterfield","MO",63017,499900,3,3,"Parkway Central",1765,7275,1982,210,283,485,"Active","","","http://www.redfin.com/MO/Chesterfield/324-Morristown-Ct-63017/home/93474376","MARIS","19053465","N","Y",38.6490504,-90.514922,2020,2127
"MLS Listing",NA,"Single Family Residential","123 N Mosley Rd","Creve Coeur","MO",63141,649000,4,4,"Parkway North",2420,40816,1957,215,268,NA,"Active","","","http://www.redfin.com/MO/Creve-Coeur/123-N-Mosley-Rd-63141/home/93473119","MARIS","19042877","N","Y",38.6565194,-90.429697,2020,2127
"MLS Listing",NA,"Condo/Co-op","14221 Woods Mill Cove Dr","Chesterfield","MO",63017,494230,4,4,"Parkway Central",3557,5227,1992,217,139,420,"Active","","","http://www.redfin.com/MO/Chesterfield/14221-Woods-Mill-Cove-Dr-63017/home/93474452","MARIS","19039599","N","Y",38.652686,-90.513646,2020,2127
"MLS Listing",NA,"Single Family Residential","0 Grand Reserve Unit Bordeaux","Chesterfield","MO",63017,568900,2,2,"Parkway Central",1802,NA,NA,231,316,NA,"Active","","","http://www.redfin.com/MO/Chesterfield/226-S-Woods-Mill-Rd-63017/unit-Bordeaux/home/170496735","MARIS","19047018","N","Y",38.6515302,-90.5044858,2020,2127
"MLS Listing",NA,"Single Family Residential","0 Grand Reserve Unit Cabernet","Chesterfield","MO",63017,576900,2,3,"Parkway Central",1866,NA,NA,231,309,NA,"Active","","","http://www.redfin.com/MO/Chesterfield/226-S-Woods-Mill-Rd-63017/unit-Cabernet/home/170496707","MARIS","19047016","N","Y",38.6515302,-90.5044858,2020,2127
"MLS Listing",NA,"Single Family Residential","0 Grand Reserve Unit Chateau","Chesterfield","MO",63017,653900,3,3,"Parkway Central",2640,NA,NA,231,248,NA,"Active","","","http://www.redfin.com/MO/Chesterfield/226-S-Woods-Mill-Rd-63017/unit-Chateau/home/170496790","MARIS","19047012","N","Y",38.6515302,-90.5044858,2020,2127
"MLS Listing",NA,"Single Family Residential","0 Grand Reserve Unit Sangria II","Chesterfield","MO",63017,606900,2,2,"Parkway Central",1882,NA,NA,231,322,NA,"Active","","","http://www.redfin.com/MO/Chesterfield/226-S-Woods-Mill-Rd-63017/unit-Sangria-II/home/170496768","MARIS","19047009","N","Y",38.6515302,-90.5044858,2020,2127
"MLS Listing",NA,"Single Family Residential","225 Doulton Pl","St Louis","MO",63141,1599000,5,6,"Parkway Central",4411,40511,2008,260,363,33,"Active","","","http://www.redfin.com/MO/St-Louis/225-Doulton-Pl-63141/home/93317616","MARIS","19022802","N","Y",38.65218,-90.4868481,2020,2127
"MLS Listing",NA,"Single Family Residential","9 Westwood Country Clb","Westwood","MO",63131,1098000,3,5,"Parkway Central",4319,52708,1957,261,254,29,"Active","","","http://www.redfin.com/MO/St-Louis/9-Westwood-Country-Clb-63131/home/85689424","MARIS","19031919","N","Y",38.6476309,-90.442063,2020,2127
"MLS Listing",NA,"Single Family Residential","50 Morwood Ln","Creve Coeur","MO",63141,1095000,5,5,"Ladue",3800,13068,NA,266,288,NA,"Active","","","http://www.redfin.com/MO/Creve-Coeur/50-Morwood-Ln-63141/home/93463427","MARIS","19037537","N","Y",38.668618,-90.42457,2020,2127
"MLS Listing",NA,"Single Family Residential","8 Vouga Ln","Frontenac","MO",63131,1598000,5,7,"Ladue",5505,39640,2004,303,290,NA,"Active","","","http://www.redfin.com/MO/Frontenac/8-Vouga-Ln-63131/home/93321855","MARIS","19007296","N","Y",38.642783,-90.424192,2020,2127
"MLS Listing",NA,"Single Family Residential","2 Chaminade Dr","St Louis","MO",63141,1450000,4,6,"Ladue",4346,21344,2019,308,334,NA,"Active","","","http://www.redfin.com/MO/Creve-Coeur/2-Chaminade-Dr-63141/home/93626566","MARIS","19024421","N","Y",38.6513715,-90.4146719,2020,2127
"MLS Listing",NA,"Single Family Residential","1168 Whetherly Lndg","Chesterfield","MO",63017,949900,4,5,"Parkway Central",4027,NA,NA,390,236,NA,"Active","","","http://www.redfin.com/MO/Chesterfield/1168-Whetherly-Lndg-63017/home/148443635","MARIS","19002831","N","Y",38.655828,-90.520191,2020,2127
"MLS Listing",NA,"Single Family Residential","31 Westwood Country Clb","Westwood","MO",63131,975000,5,5,"Parkway Central",5152,50530,1942,440,189,32,"Active","","","http://www.redfin.com/MO/St-Louis/31-Westwood-Country-Clb-63131/home/62696614","MARIS","18091683","N","Y",38.6413175,-90.4364933,2020,2127
"MLS Listing",NA,"Vacant Land","663 Pine Creek Dr Lot B","Town and Country","MO",63017,370000,NA,NA,"Parkway Central",NA,28880,NA,470,NA,300,"Active","","","http://www.redfin.com/MO/Chesterfield/663-Pine-Creek-Dr-63017/unit-B/home/167039385","MARIS","18080291","N","Y",38.6395412,-90.4918806,2020,2127
"MLS Listing",NA,"Vacant Land","866 Deaver","Creve Coeur","MO",63141,1295000,NA,NA,"Ladue",NA,26441,NA,563,NA,NA,"Active","","","http://www.redfin.com/MO/Creve-Coeur/866-Deaver-Ave-63141/home/93464113","MARIS","18060637","N","Y",38.6725279,-90.4188446,2020,2127
"MLS Listing",NA,"Vacant Land","18 Sona Ln","Creve Coeur","MO",63141,1295000,NA,NA,"Ladue",NA,37679,NA,563,NA,NA,"Active","","","http://www.redfin.com/MO/Creve-Coeur/18-Sona-Ln-63141/home/146428125","MARIS","18060545","N","Y",38.672643,-90.418387,2020,2127
"MLS Listing",NA,"Single Family Residential","0 Parkview Ii","Chesterfield","MO",63017,769900,4,4,"Parkway Central",3840,NA,NA,1040,200,79,"Active","","","http://www.redfin.com/MO/Chesterfield/0-Parkview-Ii-63017/home/113671035","MARIS","17026847","N","Y",38.655146,-90.52316,2020,2127
"MLS Listing",NA,"Single Family Residential","0 Waterford","Chesterfield","MO",63017,744900,4,3,"Parkway Central",3612,NA,NA,1040,206,NA,"Active","","","http://www.redfin.com/MO/Chesterfield/0-Waterford-63017/home/113670925","MARIS","17026790","N","Y",38.655146,-90.52316,2020,2127
"MLS Listing",NA,"Single Family Residential","0 Woodside","Chesterfield","MO",63017,704900,3,2,"Parkway Central",2660,NA,NA,1043,265,NA,"Active","","","http://www.redfin.com/MO/Chesterfield/0-Woodside-63017/home/113653098","MARIS","17026776","N","Y",38.655146,-90.52316,2020,2127
"MLS Listing",NA,"Single Family Residential","0 Arlington Ii","Chesterfield","MO",63017,704900,4,2,"Parkway Central",2653,NA,NA,1043,266,NA,"Active","","","http://www.redfin.com/MO/Chesterfield/0-Arlington-Ii-63017/home/113653096","MARIS","17026734","N","Y",38.655146,-90.52316,2020,2127
"MLS Listing",NA,"Single Family Residential","0 Wyndham","Chesterfield","MO",63017,759900,4,4,"Parkway Central",3752,NA,NA,1046,203,NA,"Active","","","http://www.redfin.com/MO/Chesterfield/0-Wyndham-63017/home/113618508","MARIS","17026264","N","Y",38.655146,-90.52316,2020,2127
"MLS Listing",NA,"Single Family Residential","0 Durham Ii","Chesterfield","MO",63017,664900,3,2,"Parkway Central",2081,NA,NA,1046,320,NA,"Active","","","http://www.redfin.com/MO/Chesterfield/0-Durham-Ii-63017/home/113618293","MARIS","17026219","N","Y",38.655146,-90.52316,2020,2127
"MLS Listing",NA,"Vacant Land","275 Pointe Conway Hill Ct","Town and Country","MO",63141,595000,NA,NA,"Parkway Central",NA,54450,NA,1123,NA,NA,"Active","","","http://www.redfin.com/MO/St-Louis/275-Conway-Hill-Rd-63141/home/166964476","MARIS","17002476","N","Y",38.653222,-90.499012,2020,2127
"For-Sale-by-Owner Listing",NA,"Condo/Co-op","1185 Rue La Ville Walk","Creve Coeur","MO",63141,139000,3,1.5,"Saint Louis",1330,NA,1967,66,105,NA,"Active","","","http://www.redfin.com/MO/Creve-Coeur/1185-Rue-La-Ville-Walk-63141/unit-1185/home/93323575","Fizber.com","5036382","N","Y",38.679942,-90.47627,2020,2127
"New Construction Plan",NA,"Single Family Residential","The Huntbridge","Saint Louis","MO",63141,1824000,4,5,"Conway Estates",4584,NA,NA,NA,398,NA,"Active","","","http://www.redfin.com/MO/St-Louis/Conway-Estates/The-Huntbridge/home/169955255","NewHomeSource.com","Plan-111567124","N","Y",38.6493304,-90.4972698,2020,2127
"New Construction Plan",NA,"Single Family Residential","Parkview II - Warwick","Chesterfield","MO",63017,769900,4,3.5,"Warwick on White Road",3840,NA,NA,NA,200,NA,"Active","","","http://www.redfin.com/MO/Chesterfield/Warwick-on-White-Road/Parkview-II-Warwick/home/169957118","NewHomeSource.com","Plan-101362547","N","Y",38.65566,-90.521966,2020,2127
"New Construction Plan",NA,"Single Family Residential","Wyndham - Warwick","Chesterfield","MO",63017,759900,4,3.5,"Warwick on White Road",3752,NA,NA,NA,203,NA,"Active","","","http://www.redfin.com/MO/Chesterfield/Warwick-on-White-Road/Wyndham-Warwick/home/169867464","NewHomeSource.com","Plan-101362546","N","Y",38.65566,-90.521966,2020,2127
"New Construction Plan",NA,"Single Family Residential","Waterford - Warwick","Chesterfield","MO",63017,744900,4,3,"Warwick on White Road",3612,NA,NA,NA,206,NA,"Active","","","http://www.redfin.com/MO/Chesterfield/Warwick-on-White-Road/Waterford-Warwick/home/169957119","NewHomeSource.com","Plan-101362545","N","Y",38.65566,-90.521966,2020,2127
"New Construction Plan",NA,"Single Family Residential","Woodside - Warwick","Chesterfield","MO",63017,704900,3,2,"Warwick on White Road",2660,NA,NA,NA,265,NA,"Active","","","http://www.redfin.com/MO/Chesterfield/Warwick-on-White-Road/Woodside-Warwick/home/169957120","NewHomeSource.com","Plan-101362544","N","Y",38.65566,-90.521966,2020,2127
"New Construction Plan",NA,"Single Family Residential","Durham II - Warwick","Chesterfield","MO",63017,664900,3,2,"Warwick on White Road",2081,NA,NA,NA,320,NA,"Active","","","http://www.redfin.com/MO/Chesterfield/Warwick-on-White-Road/Durham-II-Warwick/home/169957121","NewHomeSource.com","Plan-101362543","N","Y",38.65566,-90.521966,2020,2127
"New Construction Plan",NA,"Single Family Residential","The Winchester","Saint Louis","MO",63141,1868000,4,5,"Conway Estates",4444,NA,NA,NA,420,NA,"Active","","","http://www.redfin.com/MO/Saint-Louis/Conway-Estates/The-Winchester/home/144835205","NewHomeSource.com","Plan-101474403","N","Y",38.6493304,-90.4972698,2020,2127
"New Construction Plan",NA,"Single Family Residential","Arlington II - Warwick","Chesterfield","MO",63017,704900,3,2,"Warwick on White Road",2653,NA,NA,NA,266,NA,"Active","","","http://www.redfin.com/MO/Chesterfield/Warwick-on-White-Road/Arlington-II-Warwick/home/169957122","NewHomeSource.com","Plan-101362542","N","Y",38.65566,-90.521966,2020,2127
"New Construction Plan",NA,"Single Family Residential","The Huntington","Saint Louis","MO",63141,1873200,4,5,"Conway Estates",4683,NA,NA,NA,400,NA,"Active","","","http://www.redfin.com/MO/St-Louis/Conway-Estates/The-Huntington/home/169955256","NewHomeSource.com","Plan-101570853","N","Y",38.6493304,-90.4972698,2020,2127
"New Construction Plan",NA,"Single Family Residential","The Cambridge","Saint Louis","MO",63141,1720000,4,4,"Conway Estates",4298,NA,NA,NA,400,NA,"Active","","","http://www.redfin.com/MO/St-Louis/Conway-Estates/The-Cambridge/home/169955254","NewHomeSource.com","Plan-101590510","N","Y",38.6493304,-90.4972698,2020,2127
